000000 000010 0.999119570662371 0.04192952301394026 0.0013521212449963765 -8.157678582304014 -0.04192504339072094 0.999115579878107 -0.003187629529537376 -0.11191042145336635 -0.0014845750229170232 0.0031281358705725505 0.9999940207202916 0.019085101871645943 
000001 000011 0.9991100661755563 0.042155669782762535 -0.0013788052130125294 -7.677548916260599 -0.042163377475518446 0.9990919710953071 -0.006137303058206829 -0.12037167182642838 0.0011188387130354398 0.006189976606670496 0.9999804338105454 0.04606378158480598 
000002 000012 0.9991854776839606 0.040284829031001175 -0.002318196765972422 -7.768436481014478 -0.0402951781968229 0.9991772392939714 -0.004608062336787197 -0.11443610582338076 0.002130664010844207 0.004697723507277497 0.9999867453660397 0.0638296575221399 
000003 000013 0.9992697892251483 0.0380305772826682 -0.003633366128430779 -7.899289555492823 -0.0380396453949649 0.9992732590850266 -0.002460113037118222 -0.0954745498665108 0.0035371635502633512 0.0025965311183668892 0.9999903521496248 0.07012903569579718 
000004 000014 0.9993679634015389 0.03519760825793421 -0.004971715920990726 -8.013785398652143 -0.03520417284195361 0.9993793105451578 -0.00123911638717302 -0.07884242276846787 0.004925017206397768 0.001413361033939688 0.9999868933693135 0.07697515006480057 
000005 000015 0.9994741861175337 0.03200440193004887 -0.005211347304143905 -8.124407674218773 -0.031999308870745174 0.9994873527266038 0.0010565246550018252 -0.06508499933871312 0.0052424935213116865 -0.0008892082616463011 0.9999859080181718 0.06979924898594397 
000006 000016 0.9995624247028062 0.029355149122072908 -0.0036289489833414017 -8.22551952659335 -0.029356183134863337 0.9995689609934006 -0.00023231528404794576 -0.043520369185215235 0.003620555226106385 0.0003387462464519826 0.9999932856416189 0.0914132447227042 
000007 000017 0.9996662274983705 0.025761447281509794 -0.0019438903735494444 -8.32166780926711 -0.02575975693090949 0.9996677249826663 0.0008859626382296474 -0.02298511578502177 0.0019660696135227478 -0.0008355882144127509 0.9999976214496591 0.11017122199288817 
000008 000018 0.9997377579878394 0.02288845299427545 0.0006321158283175246 -8.413885919274655 -0.022887612432881108 0.9997371673237859 -0.0012842784059096076 -0.001938459555708122 -0.0006613529861849096 0.0012694792184260648 0.9999988674999086 0.10955249528612127 
000009 000019 0.9997986737085127 0.019798777266602504 0.003283532216695466 -8.48948862096403 -0.019792526913798875 0.9998023167297686 -0.0019210283012063385 0.009531910408946104 -0.0033209263609215887 0.0018556599719082147 0.9999927218088401 0.07290050515265689 
000010 000020 0.9998408415164393 0.01736729683106315 0.00407063229649849 -8.582029932372857 -0.017357059037190252 0.9998462212491707 -0.002532967829566864 0.021851629538109957 -0.004114006948669121 0.0024619225419009907 0.9999884992277731 0.026214659230572715 
000011 000021 0.9998721990437596 0.01574852833711364 0.002722510206555991 -8.670445791364223 -0.0157457504958801 0.9998754629330483 -0.0010334315825643102 0.035257967226656195 -0.002738451934455273 0.0009904437478049945 0.999995688779406 0.0006363341442739839 
000012 000022 0.9998862165006484 0.014997600458958767 0.0015895404405339565 -8.756462021520106 -0.014995386542693247 0.9998864241083653 -0.0013967261128533302 0.03480502966046356 -0.001610315959302872 0.0013727369718023526 0.9999976939405766 -0.022112302050986028 
000013 000023 0.9998966474884571 0.014239416032587018 0.002027944970146024 -8.824016860331096 -0.014231389376339092 0.9998909050726875 -0.003922419400167218 0.029231057423810547 -0.002083578102381232 0.0038931533979422576 0.9999902695966697 -0.0165741471038238 
000014 000024 0.999902103511986 0.013548678410430334 0.003474512933668161 -8.899811137565623 -0.013536067027217744 0.9999016845494281 -0.0036276595079266075 0.024830535480176857 -0.003523319143753227 0.0035802730669504666 0.9999874381803137 -0.03841916578914832 
000015 000025 0.9999171001512449 0.012795598603279886 0.0014202265019653032 -8.968885679508972 -0.01278665630738734 0.9998993856839923 -0.006133730657778995 0.016402339845653313 -0.0014985710152571475 0.006115063475956931 0.9999802190698394 -0.05103772816086623 
000016 000026 0.9999389260510103 0.010383314647895969 -0.0037913229079178617 -9.039845899892555 -0.01039745376663338 0.9999388451306189 -0.003728581456260879 0.007728982218350736 0.003752383505427505 0.003767771865735117 0.9999859073738088 -0.08869907262592705 
000017 000027 0.9999080365341679 0.00849549470485412 -0.0105737475815407 -9.106198526233754 -0.008527668244230284 0.999959001055823 -0.003000118986151532 -0.013573112970521578 0.010547826981938199 0.0030900053792915867 0.9999396382903563 -0.12304932538125439 
000018 000028 0.9998723433713916 0.005615644105679442 -0.01496383497519294 -9.165035898192048 -0.005598543030022879 0.9999836555853768 0.0011854472349013046 -0.026494746854582155 0.014970251294658534 -0.0011015177633209366 0.9998873918257584 -0.14725834287712 
000019 000029 0.9998736868162814 0.0024726310169562666 -0.015700193693798364 -9.240647022833475 -0.002410864920469495 0.9999891781450302 0.003952596116254141 -0.035519200569808174 0.01570980650377196 -0.0039142511542241895 0.9998689838774502 -0.15266613473677385 
000020 000030 0.9999346427387721 5.309791533150066e-05 -0.011438277991033417 -9.283839171117682 -2.7442791937239774e-05 0.9999973264169694 0.002243481624853197 -0.05518705548572911 0.011438374456455241 -0.0022430264455053943 0.9999319471732061 -0.1177529301358404 
000021 000031 0.9999845851029113 -0.0025633147655344797 -0.004924676177824535 -9.32890584287796 0.0025606825538157262 0.9999966348242161 -0.0005390194976308218 -0.06613828224030208 0.00492604580452426 0.0005263921852827626 0.9999876701285169 -0.06709623396862285 
000022 000032 0.99998771312583 -0.004638948591268029 -0.0017518306823479123 -9.380935700111941 0.004637579022911202 0.999989186495028 -0.0007838163082914888 -0.07745657147456599 0.0017554549296413865 0.0007756821310704243 0.999998193656769 -0.020354127094094284 
000023 000033 0.9999690300517653 -0.00682722912782339 -0.003908137088508519 -9.441915199166601 0.006830861895098432 0.9999764091136716 0.0009182865792466557 -0.07818800907405501 0.0039017761376836917 -0.0009449614012595804 0.9999919633075117 -0.035705034568211794 
000024 000034 0.999923239442347 -0.008157413184897424 -0.009333907535439256 -9.50940396499872 0.0081903410766713 0.9999604229106956 0.00349462865822953 -0.06318019771960967 0.00930502625576499 -0.003570811388620454 0.9999503241592013 -0.0773839323533091 
000025 000035 0.9999061330669442 -0.007688208699519174 -0.011336377676332715 -9.554722526394649 0.007782177751222124 0.999935694549559 0.008269028767922511 -0.047585137815789116 0.011272075134038837 -0.008356471181640004 0.9999015699885683 -0.10798751104867227 
000026 000036 0.9999536350072772 -0.006142074834501073 -0.00741923320618745 -9.604683106090333 0.006266192105385188 0.9998389801508988 0.01682265002055418 -0.022209785414253613 0.007314712274680821 -0.016868365397285714 0.9998310108129304 -0.1065452818874797 
000027 000037 0.9999894140918585 -0.004598909983113816 0.00016718029399221722 -9.659369671424447 0.004595363450079865 0.9998417024703575 0.01719870299441292 0.006744409508916138 -0.0002462480953861439 -0.01719775360761413 0.9998519932972653 -0.06930534891580159 
000028 000038 0.9999761844396106 -0.001287804676882367 0.0067642259003270365 -9.6932171011664 0.0011903863429624203 0.9998957104228432 0.014388472632147497 0.0172373642101718 -0.0067820519149779206 -0.014380092898370502 0.9998736114830117 -0.02743322350006771 
000029 000039 0.9999560305437365 0.0024347888799536896 0.00905806368856147 -9.737168884903317 -0.002552738961544618 0.9999119054533516 0.013033320962132508 0.025172114633502343 -0.00902553313823452 -0.013055878095738912 0.9998741384647434 -0.011589675008283043 
000030 000040 0.999981340350972 0.004228338220405225 0.0044235211597679755 -9.810078607470288 -0.004302041259395872 0.9998498010117831 0.01678375506819988 0.040464253870698894 -0.004351886749789818 -0.0168024798968166 0.9998494515242846 -0.040063802772622906 
000031 000041 0.9999728971459237 0.006978814990859287 -0.002331417933232048 -9.850180262600956 -0.006938494478232493 0.9998335025912983 0.01687364924057085 0.03777269157431823 0.0024487831648169435 -0.016857022405025537 0.9998551347969966 -0.07715457128675131 
000032 000042 0.9999340635705949 0.00871881881350493 -0.007475252464230918 -9.901658212649902 -0.008616661128928085 0.9998703363325936 0.013592007438778385 0.04397332103342742 0.007592787275911025 -0.013526707345257186 0.9998797073715757 -0.0954467504600182 
000033 000043 0.9999024745172397 0.010719831620610763 -0.0089531206953832 -9.931335073878552 -0.010614941956659974 0.9998752783757581 0.011680959842832454 0.035641040909313484 0.009077225224093127 -0.011584782959411982 0.9998916278553831 -0.105601859358353 
000034 000044 0.9999132381528542 0.011038051328039214 -0.007191950755524522 -9.961215322486707 -0.010979953011425717 0.9999070982796935 0.008067474295533488 0.0158114502004931 0.007280338884158684 -0.007987812620507878 0.9999416666605212 -0.1569599131080794 
000035 000045 0.9999343004022522 0.01008673591054644 -0.005467868216129177 -9.996276201701544 -0.010088003269069275 0.9999489853804139 -0.00020417913355222082 0.0024782073668035837 0.0054655277701824 0.0002593219058756271 0.9999849799130427 -0.15206727199036996 
000036 000046 0.9999395180963029 0.00940414982006417 -0.0056878282872293365 -10.0086030468244 -0.009452912957883135 0.9999181320245258 -0.008608892151207989 -0.02748252495805592 0.0056064053393102215 0.008662141022537843 0.9999467753742082 -0.15096331440762767 
000037 000047 0.9999336842433204 0.008102582436044902 -0.00817944252343913 -10.009214587498814 -0.008183095755158642 0.9999177655846153 -0.009859705646672939 -0.042607279452341995 0.00809888528760432 0.00992598654272812 0.9999179815481932 -0.1304772219192413 
000038 000048 0.9999351003612844 0.006080892726915049 -0.009638326786592427 -10.04694429688126 -0.006215361401396581 0.9998830236545483 -0.013983092959370315 -0.05291077204778259 0.009552163900575596 0.014042097851413636 0.9998555980314143 -0.10650027109577814 
000039 000049 0.9999288865541683 0.005355465916985604 -0.010655446638025895 -10.035939937791644 -0.005481317555585663 0.9999151858450647 -0.011818127647639806 -0.04597058955403534 0.010591251067261265 0.011875702218194709 0.999873288593907 -0.10635625345056404 
000040 000050 0.9999294163600567 0.005985604197771908 -0.010260565767653796 -10.012281672778489 -0.006083389602715821 0.9999362133115396 -0.009526421976040566 -0.04017475351272462 0.010202889769863785 0.0095881738909325 0.9999019872372885 -0.10364884591082346 
000041 000051 0.9999495918094758 0.0052103205127160025 -0.008590902110652186 -10.019290251908721 -0.005265187538060632 0.9999657361074009 -0.006375031851505015 -0.02283857183597418 0.008557394358691935 0.006419947963058291 0.999942624141008 -0.10767133266280829 
000042 000052 0.9999782707003706 0.004626806221971183 -0.004689632769577748 -9.960075712277643 -0.004654000411985137 0.9999722770795416 -0.005806514665295969 -0.02598493132811068 0.004662639824265429 0.005828216426858105 0.9999720328756951 -0.08279034234967488 
000043 000053 0.9999866232012369 0.0041518434960682625 0.0030651162654530754 -9.958799162626518 -0.004118351386225249 0.999932638591565 -0.010853784898429152 -0.03141958049944091 -0.0031099759223046563 0.010841025255019813 0.9999364070812838 -0.042331113463562844 
000044 000054 0.9999642162045648 0.004664876452823568 0.007055161966333847 -9.908940325035127 -0.004580833639678248 0.999919018673028 -0.011880854423137745 -0.038405181669139005 -0.00711002314773836 0.011848124168658504 0.9999043808620656 -0.022378585398475842 
000045 000055 0.9999704998272588 0.004818661721835597 0.005975641602568861 -9.877313470841546 -0.004793708553920808 0.9999798043923206 -0.0041813676592011365 -0.030140539278619094 -0.005995668602041956 0.004152602411916534 0.9999734222729719 -0.06998505276916017 
000046 000056 0.9999879989689912 0.004454035571126359 0.0021016588403667607 -9.869596761927578 -0.004455564643128915 0.9999898442508297 0.0007184740894581076 -0.016353075818661883 -0.0020984406765573844 -0.000727828935597729 0.9999975532783166 -0.10596806077013406 
000047 000057 0.9999885195378447 0.004762979455200393 0.0005597777308374526 -9.829554770718662 -0.004763217325525808 0.9999886511990695 0.0004435025138630958 -0.024480758311175715 -0.0005576594069678216 -0.0004461656693292498 0.9999998108945266 -0.11884053700665628 
000048 000058 0.9999856757958909 0.005227024651995628 -0.0011399409548179546 -9.794386867162489 -0.005219598460072064 0.9999658540525661 0.006416604439618557 -0.017703750038021868 0.0011734449107840554 -0.00641056442555081 0.9999788921295022 -0.11895041457385783 
000049 000059 0.9999907076063752 0.0043067489514184735 0.0002132065605070442 -9.788453130880283 -0.004308378309528929 0.9999563463938475 0.008293915606271447 -0.011636834810922175 -0.00017747479492148083 -0.008294763459882568 0.9999656222056468 -0.11481428706757829 
000050 000060 0.9999907214749569 0.004305041007963368 0.0003213885653777643 -9.742261558175764 -0.004307083380734272 0.9999688644573922 0.006628936173689659 -0.010581836623218696 -0.0002928432970735963 -0.00663026152695209 0.9999779650770431 -0.11638032644523787 
000051 000061 0.9999872673501807 0.004288194501992983 -0.00262994847443694 -9.711118244638929 -0.0042606926122774206 0.9999373779470441 0.010366901663288054 0.003942683368124117 0.0026742428117996963 -0.01035556966361667 0.9999428961878658 -0.15698850876206255 
000052 000062 0.9999314821071318 0.004678669109624452 -0.010737056087920412 -9.678591053721734 -0.004509920694739123 0.9998667329274006 0.015687307558733318 0.015317525175125898 0.01080902347022598 -0.015637813961671822 0.9998193049383186 -0.20032062647239673 
000053 000063 0.999831965512367 0.005087777467649894 -0.017610288640284064 -9.643626274715666 -0.004787764337963581 0.999843395482693 0.017036809641064257 0.013666573700659865 0.0176942185719947 -0.016949643341603707 0.999699810959986 -0.2160537624589477 
000054 000064 0.9998645930115256 0.005310219748711558 -0.015571451343761504 -9.619948110218235 -0.00505252295822574 0.9998504053748591 0.016541732168103618 0.031240440109594647 0.015656972557097148 -0.016460827823691446 0.9997419774777839 -0.17720479187125224 
000055 000065 0.9999685369550949 0.006400379141137374 -0.004701632735805026 -9.564345759153008 -0.006352647906291183 0.9999288236391594 0.010100274291618453 0.028956314298532 0.004765940648040675 -0.010070093181846698 0.9999378822291783 -0.09816757267838894 
000056 000066 0.9999653893104989 0.007457677608588885 0.003638995366640022 -9.492399338414298 -0.007470489005937621 0.9999658919411127 0.0035218607896089433 0.018664125470734212 -0.003612595625169108 -0.003548927805187315 0.9999870671520094 -0.045741156067199654 
000057 000067 0.999963760786878 0.0076449885108734175 0.0037527323757237723 -9.450087327796464 -0.007638060281564498 0.9999691201332397 -0.0018587930628826785 0.018494886629606105 -0.003766832757127199 0.0018300636863969562 0.999991193549856 -0.037301829571392164 
000058 000068 0.9999631944602881 0.008552920622100592 0.0006630113094144497 -9.383237506937482 -0.008548960549324343 0.9999470618606647 -0.005739498139788374 0.010051401617272401 -0.0007120648816087968 0.005733622747102503 0.9999832052413699 -0.06776141955616549 
000059 000069 0.9999502751767576 0.009749324980655748 -0.0020861588497720837 -9.302910346290341 -0.009766799971371592 0.9999159037232671 -0.008542061391132325 0.00013672829007176784 0.0020027000913294653 0.008562010917243103 0.9999613353149974 -0.08659675670579522 
000060 000070 0.9999579590699845 0.009132729467874823 -0.0009132633632085772 -9.228829485636389 -0.009142919245896679 0.9998876013771862 -0.0118777272837227 0.0036063806043667226 0.0008046868145357701 0.011885579708867666 0.9999290513873622 -0.08881773225535643 
000061 000071 0.9999454708453102 0.010214355452017822 0.0022356814633553057 -9.113921726877246 -0.010176608245445003 0.9998153681905912 -0.0162935531487063 -0.00689719070977645 -0.0024017002566004927 0.01626992266509262 0.9998647239227715 -0.096140621130689 
000062 000072 0.9999231058046456 0.010522433839428668 0.006563725249279551 -9.017430169464191 -0.010390757342530352 0.9997504044175125 -0.019782569317035346 -0.004519252969273017 -0.006770249715086795 0.019712851902776853 0.9997828036160201 -0.09201981510746152 
000063 000073 0.9998969704980419 0.011556678211376856 0.00851840379148252 -8.885683999244746 -0.011401665948050298 0.9997722651522295 -0.018028663012258653 -0.0009787807469005868 -0.00872482040227106 0.017929688552520757 0.9998011395165496 -0.12325357553598272 
000064 000074 0.9999202924990074 0.012065849962285675 0.0037109940687580427 -8.767452305270949 -0.011999798493148538 0.9997776688011577 -0.017338525725301653 -0.001734637369116371 -0.003919372774837509 0.017292623880981486 0.9998428370878409 -0.1237847193224136 
000065 000075 0.9999178180495655 0.011229849228613437 -0.0061646374772300686 -8.655318833393231 -0.011331752663626078 0.9997953668309894 -0.016754999748547134 0.004146275428324556 0.005975223135163687 0.0168234911915529 0.9998405859932881 -0.15542565840726075 
000066 000076 0.9998152397488694 0.011856821969174706 -0.015139907801527436 -8.520606587467567 -0.012087395307334641 0.9998109571572068 -0.015228626854856247 -0.0021610126727722584 0.014956476432561866 0.015408818037701081 0.9997695858364369 -0.18503821067191722 
000067 000077 0.9997781528798401 0.012910224452701525 -0.01664672042581529 -8.385759651721093 -0.013102508992854648 0.9998480224153584 -0.011492622934224952 0.0033430678047697685 0.01649582704927582 0.011708187632753744 0.999795457036472 -0.1981964743162703 
000068 000078 0.9998641625543985 0.0130271768012313 -0.010102510389877863 -8.243839055695817 -0.013153021876268786 0.9998354378216909 -0.012489886089259208 0.0024296645854908266 0.009938141239806807 0.0126210732976326 0.9998709412176189 -0.16237277506522732 
000069 000079 0.9999100077353744 0.013394044777045975 -0.000930251185579811 -8.086488474104444 -0.013405108004783204 0.9998239987975849 -0.01312572866971836 -0.0020160174410864947 0.0007542806611536587 0.013137019201886146 0.9999135207483523 -0.08949973312031476 
000070 000080 0.999898853554536 0.013551298169399224 0.004299166320269953 -7.924689510305631 -0.013503537177087889 0.9998489756839343 -0.010950215233060032 -0.0008735329622272135 -0.004446909108102845 0.010891060822210542 0.9999307093799883 -0.048344229029574755 
000071 000081 0.9998997860283758 0.0126059616829207 0.006432917503138662 -7.760824468365786 -0.012525186227812114 0.9998441522662531 -0.012443457025075728 -0.01309944628904847 -0.0065887768801948365 0.012361629564828445 0.9999018916570391 -0.025752688713243987 
000072 000082 0.9999191644305093 0.01212085453046091 0.0038550848642394443 -7.59899756191358 -0.012072149426156717 0.9998499501421008 -0.012418110065528003 -0.02089017949545625 -0.004005030886333103 0.01237057838119945 0.9999153303556372 -0.0537340015075215 
000073 000083 0.9999318951033251 0.01148112166324841 0.0020992910897456537 -7.429447954452552 -0.011461715434260162 0.9998935598983654 -0.009034422032074206 -0.018940873461752557 -0.0022027927209302745 0.009009740799999038 0.9999570860823354 -0.07110789862294385 
000074 000084 0.9999198770641939 0.011250919141709928 0.005778318034772738 -7.230084857013695 -0.011209060733002173 0.999911143853487 -0.007224091243175862 -0.018170813480700418 -0.005859077146242275 0.007158744439296808 0.9999572224186385 -0.05133144032544183 
000075 000085 0.9998550255934837 0.009976964260569546 0.013799185926339661 -7.040585855253055 -0.00995728268861848 0.999949420254447 -0.001493416804709955 -0.012026681316650838 -0.013813391016917712 0.001355792955449998 0.9999037807316346 -0.03930729907751366 
000076 000086 0.9997351024729538 0.007222471215763153 0.021853659725413102 -6.846695395844066 -0.007271624384578956 0.9999713082644535 0.002170679133787064 -0.011377241671845947 -0.021837360743314247 -0.0023290090640433916 0.9997587078124176 -0.00590765718239307 
000077 000087 0.9996969439408159 0.002741848271826034 0.024468579023834976 -6.654808674828485 -0.0027949447074653274 0.999993841200086 0.0021360587783585375 -0.03412681017249283 -0.0244625740700714 -0.002203802089812066 0.9996982852959843 -0.014928974117508334 
000078 000088 0.9998275593032321 -0.002452607877771877 0.018409027170194662 -6.46926355848607 0.0024028383056111124 0.9999934147521072 0.0027249811908298845 -0.061666172945264185 -0.018415591660720987 -0.002680278318354091 0.9998269046335586 -0.02544895747307624 
000079 000089 0.9999335010243433 -0.008669927480482703 0.007614462536928068 -6.3077685924318585 0.00862692824308055 0.9999466519801594 0.0056600126605861065 -0.07424489875751573 -0.007663132692764431 -0.0055939549872831154 0.9999550180705341 -0.060046965038104666 
000080 000090 0.9998833865281058 -0.015095104327547498 -0.002327532285207963 -6.123286644632363 0.015115085142215594 0.9998468343713494 0.008824845657023676 -0.09196476982757505 0.0021939604248696416 -0.008859000517150708 0.9999584435790699 -0.08912737476891491 
000081 000091 0.999683098428038 -0.023924250927920096 -0.007825515168363884 -5.964472991656079 0.024047133244895647 0.9995827190269202 0.01600548935618179 -0.10479778640476303 0.007439325779239509 -0.016188595860460467 0.9998411857815268 -0.13398186806096113 
000082 000092 0.9993592120324182 -0.03548135377835068 -0.004704469863795337 -5.788118863373647 0.035544234850462444 0.9992694953226462 0.014037676305494157 -0.13579262349817192 0.004202959045484686 -0.014195911289573194 0.9998904613552617 -0.12737720365424463 
000083 000093 0.9986800049735854 -0.0513382674638977 -0.0015774907645071023 -5.645709609313752 0.051349272287411894 0.9986490431664715 0.007975108046762314 -0.19734673169902944 0.0011659363259294683 -0.008045569109658174 0.9999668145135338 -0.11339201169641569 
000084 000094 0.99747261097701 -0.0708352857837381 -0.005549776217795235 -5.505442735394529 0.07083809870812487 0.9974878077848129 0.00031108685195088546 -0.2612075730183157 0.005513795215328296 -0.000703437210294965 0.9999845190076976 -0.10822597496897729 
000085 000095 0.9956710700771102 -0.09229185880866567 -0.01102244861274472 -5.354894970838394 0.09222605166891316 0.9957178680020656 -0.0063365754709073605 -0.32512885608159175 0.011560064621709972 0.005292595902740228 0.99991907014316 -0.10035530567057666 
000086 000096 0.9929464943227085 -0.11734735442847867 -0.016930209196947717 -5.229168370108258 0.11724285723985113 0.9930783420745976 -0.007041949192002971 -0.38528965887829536 0.017639386262861226 0.005007328775573767 0.9998319617631706 -0.10831164511936506 
000087 000097 0.9894921651801435 -0.14329649631598557 -0.019268707652499766 -5.0798537722746495 0.14323630572362783 0.9896783807199663 -0.004474932912762209 -0.4351620668898038 0.019711068980735973 0.0016679378065707746 0.9998043543842242 -0.11131473929251556 
000088 000098 0.9849487300572922 -0.1717198251945148 -0.019709120365708745 -4.956576292159365 0.17177780274791074 0.9851349090510804 0.001275580923239415 -0.48182777435407426 0.019197097824117278 -0.0046419756836967325 0.9998048488028356 -0.11987791664645947 
000089 000099 0.9787979668387372 -0.2040938417911154 -0.017326932757540676 -4.853005463632125 0.2041174996051849 0.9789464168573981 -0.0004112006950304081 -0.544211560478083 0.017046064078639248 -0.003134246681345418 0.9998497728198183 -0.11569503306377679 
000090 000100 0.9708276027371481 -0.23944867998445193 -0.012574140064276876 -4.728348600150531 0.2394036287282523 0.9709072109507774 -0.004991520610851437 -0.6098418439833015 0.013403542803450347 0.0018356094526258539 0.9999085392216349 -0.10692572463825067 
000091 000101 0.9612087886150572 -0.27570998724884765 -0.007852321900973848 -4.614041654968699 0.2756367084670269 0.9612173506247871 -0.009255232574180858 -0.67069159404668 0.01009954776197746 0.006731830405814811 0.9999264036390523 -0.08761679360928896 
000092 000102 0.9494059742906198 -0.31396260310275625 -0.007459561799185397 -4.528711967155922 0.3139027338595877 0.9494197723055081 -0.008191571137510763 -0.7292937827774407 0.009654105621244916 0.005435559915989954 0.999938599306695 -0.08028343927085801 
000093 000103 0.9361967482492772 -0.3513841445064137 -0.008061354730792347 -4.414061530895865 0.35136796144642224 0.9362313346250767 -0.0033817538567354516 -0.764942611198826 0.008735575336220503 0.00033347859688425254 0.9999617964139389 -0.07329769704503943 
000094 000104 0.9212406992149804 -0.3889219377086715 -0.00743849809715934 -4.322372015330823 0.3889325770614465 0.9212661464858805 -2.3404476200334212e-05 -0.8089043187864368 0.0068619377155762235 -0.002871514548090031 0.999972463750456 -0.06800347995579481 
000095 000105 0.9049533760129097 -0.4254829844097395 -0.004865934260546353 -4.229431535073124 0.4254791916488605 0.9049662251725966 -0.0018392080275543498 -0.8555343996797562 0.005186050067090021 -0.00040596186499648463 0.9999864931585957 -0.060810573052572155 
000096 000106 0.8881552516209482 -0.4595401736280113 -0.0018131506503129505 -4.135587767427848 0.45953501335397 0.8881555413863901 -0.0026693084728499766 -0.8923800996705518 0.00283701074842436 0.0015375523985502674 0.9999947488210634 -0.03343508619010823 
000097 000107 0.8707221896385824 -0.4917743726516055 0.0009459543367462018 -4.065673911155751 0.49177524708516246 0.870721414784324 -0.0012036557094889323 -0.9268202660504908 -0.00023174145812089304 0.0015132440883767217 0.9999987755653863 -0.02767841374687045 
000098 000108 0.85438896450178 -0.5196255114024971 0.002947492422549884 -3.9734521886181584 0.519627974011153 0.8543925731062897 -0.00010329083453687315 -0.9339147965741154 -0.0024646438881074494 0.0016198501125949927 0.9999956890825177 -0.022595353188829076 
000099 000109 0.8401667851771994 -0.5423219721000623 0.002602737274211382 -3.91013341153423 0.5423189510076024 0.8401707931406045 0.0017634940137594393 -0.9317195378896856 -0.003143137831419729 -7.010427936581929e-05 0.9999949754899242 -0.034869935829248265 
000100 000110 0.8275659869266038 -0.5613681115849991 0.00048400047104396463 -3.8338263738471205 0.5613670185832988 0.8275657066639687 0.001457790988770855 -0.913603601640886 -0.0012189047847621527 -0.0009347212402546137 0.9999987782635292 -0.04668515249959337 
000101 000111 0.8174823964335252 -0.5759534657616006 -0.0003029815269528413 -3.780411644958678 0.5759526682216044 0.8174801457828725 0.0021882824022490936 -0.8842752383868762 -0.0010126702319137033 -0.001963389448087211 0.9999974257425204 -0.04849267750741487 
000102 000112 0.810770123254452 -0.585356473616024 -0.0031010280000834446 -3.7437608292292857 0.5853636490995798 0.8107476953429814 0.006129060401249507 -0.8424615366511601 -0.001073540069593218 -0.006784494743293578 0.9999763770967075 -0.04392937734506157 
000103 000113 0.8081306228151534 -0.5889866500899188 -0.004417780237191764 -3.6993527649664952 0.5889987733067161 0.8080720600498893 0.010002299260813035 -0.7924792522038664 -0.002321326666163071 -0.010685229907500128 0.9999402676385023 -0.04331457539264401 
000104 000114 0.8093492163844171 -0.5873084242402968 -0.004787777125826156 -3.67434573606483 0.5873274512479665 0.8093145501339309 0.007489895825905716 -0.7465171230743659 -0.0005240682040298505 -0.008873936880698244 0.9999605150177702 -0.04332391550043657 
000105 000115 0.8130956063692172 -0.5820968261811585 -0.006242002467117652 -3.646595646805584 0.5821243514002531 0.8130885248047672 0.004268083067002321 -0.710247177703848 0.0025908622295339493 -0.007103976204963576 0.999971459978078 -0.04347489330935217 
000106 000116 0.8203561448076921 -0.5718210339382162 -0.00604466035816565 -3.63241734434201 0.5718369698384873 0.8203663704576655 0.0012278792538731873 -0.6674736971016701 0.004256701975564236 -0.0044638570602339046 0.9999809842817371 -0.048823550014446965 
000107 000117 0.8308103038618211 -0.5565343218647709 -0.004895613751799583 -3.631299977582843 0.5565520439196531 0.8308045050301162 0.0037002327463108485 -0.6019334983862948 0.002007985264125884 -0.005798849729502012 0.9999812009951942 -0.02961961919161445 
000108 000118 0.8430285749967871 -0.5378181451943755 -0.007384836521514641 -3.6302739531810553 0.5378595564255231 0.8428546393596019 0.01740819690200861 -0.5324343885544327 -0.003138095804575472 -0.018647619177500498 0.9998212325987548 -0.043958209845773887 
000109 000119 0.8572579726381305 -0.5148158712320715 -0.00856719002148179 -3.638751307125272 0.5148653128476322 0.8569500552073638 0.023455485757056607 -0.4447005596364246 -0.00473359694638917 -0.02451835742458279 0.9996883793406814 -0.04229476949966983 
000110 000120 0.8716183742736157 -0.4901633380148049 -0.0046124921880666275 -3.659087388207348 0.4901374289869978 0.871364414350842 0.022115647515363848 -0.4167001831298303 -0.00682112451999918 -0.0215371637601167 0.9997447551857086 -0.03909207880431176 
000111 000121 0.8866147510026968 -0.4625080543121197 0.0008655727763989212 -3.667964148128401 0.4624710456723251 0.8865646684088194 0.011108034998282853 -0.391871652622392 -0.005904948793181183 -0.00944824371016765 0.99993798400298 -0.028543728101892516 
000112 000122 0.9013152237994261 -0.43314456842562216 0.004091624594670293 -3.68508219974267 0.43313305677569774 0.9013235582553022 0.0034004231326921373 -0.36027017479334184 -0.0051607489693732125 -0.001292631050534148 0.9999859594032613 -0.020802097661401925 
000113 000123 0.9146474061272238 -0.40419387226205694 0.006905873474123606 -3.7270456231687756 0.4042074759587964 0.9146669559723116 -0.0006706460868419217 -0.3409425730110541 -0.006045508243689789 0.0034048153149461797 0.9999760173199644 -0.009973149529871106 
000114 000124 0.927630164109279 -0.37341206772684066 0.00812098983258391 -3.7611954076504808 0.3733473361673235 0.9276533563887216 0.008446000574367129 -0.29221679996540906 -0.010687298436187992 -0.004802818221766633 0.9999312213946757 -0.0036528654004104634 
000115 000125 0.9396118254764262 -0.3419566168818191 0.013977880963132024 -3.814164675032009 0.3417042377293706 0.9396412830743514 0.017675122287337065 -0.2549968114434716 -0.01917832472613248 -0.01183146211747664 0.9997460361814202 0.020480308548099863 
000116 000126 0.9497871865628404 -0.3122814676195131 0.019613283780061594 -3.879828922837891 0.3119282713336118 0.9499134207146441 0.019109207324885417 -0.23013483953717687 -0.024598373662052225 -0.012031749708509383 0.9996249677423269 0.0674467146920324 
000117 000127 0.9587100697524166 -0.2836106168368588 0.02097479910099496 -3.939447920552798 0.2834325351895944 0.958928103806941 0.011087828394405704 -0.22777302023831428 -0.023257958501824855 -0.004685068258980232 0.9997184655344588 0.06329375381910632 
000118 000128 0.9660037662362192 -0.2575219747409052 0.022782742303840087 -4.0309602871127055 0.25763834310099 0.9662387589462598 -0.002281245524198195 -0.24599235132669994 -0.021426107859743117 0.008073397681552644 0.9997378339856708 0.04165178769997935 
000119 000129 0.971693134573618 -0.23518860358003044 0.02232907417136563 -4.1301508792176875 0.2353776262473995 0.9718840927392927 -0.006220949216136633 -0.24755579617407508 -0.020238185349487053 0.011300625224421108 0.9997311364500339 0.009743275116054743 
000120 000130 0.9768353270959328 -0.2133588648535116 0.01645361064700609 -4.231052159825994 0.21340906982911015 0.9769621237236339 -0.0013416243957429174 -0.23331703914179489 -0.015788317902426654 0.004821904796219639 0.9998637009938637 -0.0011221028640534907 
000121 000131 0.9809530616059536 -0.19401817944784172 0.009376930843004396 -4.36089565378713 0.1939026273904415 0.9809476188198117 0.011965425838470782 -0.19687802309967734 -0.011519790056091168 -0.009919318568314177 0.9998844083596417 -0.010966024603836956 
000122 000132 0.9845855721146454 -0.17480400156058007 0.005895116135156749 -4.488598133284952 0.17465888308577227 0.9844322445623991 0.0196830206993195 -0.17268465229781138 -0.009244021323208697 -0.018350004917613915 0.9997888506518676 -0.009628813300352139 
000123 000133 0.987709794806545 -0.15622214736166798 0.004902450726974537 -4.619639625696029 0.15609870582065202 0.987546096941633 0.019649765782887015 -0.1586900149159436 -0.007911122293171268 -0.018643028745738355 0.9997948982706505 -0.004639300848943722 
000124 000134 0.9902962555080089 -0.13892304591320173 0.0036985535955333837 -4.762919815298384 0.13885653284810867 0.9902069950871272 0.014451767551840175 -0.1486464406823425 -0.005670029090604657 -0.013797978677807549 0.9998887405637487 0.0011938794924659041 
000125 000135 0.9924093187958013 -0.12297261625615381 -0.0011790144649684291 -4.915799854113753 0.12297823813400353 0.9923711151319248 0.00872570377388686 -0.15746847056209923 9.699367739261212e-05 -0.008804464954628766 0.9999612736734192 -0.0026279429146152562 
000126 000136 0.9940111905920681 -0.10899842556572299 -0.007816917454138381 -5.077325538409525 0.10906445674865907 0.9939976669326024 0.008581876977960205 -0.15082391113333032 0.006834574082033137 -0.009383029765377169 0.9999326484522617 -0.01400688906316509 
000127 000137 0.9953182637257609 -0.0962692186722455 -0.008592115057045652 -5.243665833316826 0.09637699855158695 0.9952577824455717 0.01316586168036733 -0.1271490272304995 0.007283915399567017 -0.013932310367369097 0.9998764939918793 -0.017044808373490396 
000128 000138 0.9965092501303207 -0.08337449703120875 -0.004235754136059604 -5.406664858806486 0.08342786590057535 0.996407914499806 0.014533860512595012 -0.11495705477542717 0.00300878471121265 -0.014836527398120978 0.9998853258165169 -0.011126803202276754 
000129 000139 0.9974467027504896 -0.071404894240898 -0.0012376488750168735 -5.564301731384689 0.07141550915498472 0.9973313291346776 0.015165847073121427 -0.10488999931851425 0.00015143154258293726 -0.01521550718215972 0.9998842526314735 -0.004211448359515653 
000130 000140 0.9981283133245561 -0.06114996601205156 0.0007450465488723423 -5.74952140612975 0.06112935505545953 0.9979929828241161 0.01652520650561482 -0.09481862828467405 -0.0017540557937913083 -0.016448734481884535 0.9998632526257484 0.0002694962454478835 
000131 000141 0.9987718076635513 -0.04953429037892865 0.0010476265502675764 -5.924071576784575 0.04951066728134479 0.9986405045241556 0.01632194493722702 -0.08349236561149576 -0.001854692595188621 -0.016250040616308796 0.9998662366063129 -0.0031607753598623875 
000132 000142 0.9992374969832138 -0.03904204145715393 0.00031287457926051546 -6.114083599855248 0.039030647066402295 0.9990860579828232 0.017423712132475722 -0.06650217741590034 -0.000992845172374153 -0.017398214390053814 0.9998482023503954 -0.005829055859389639 
000133 000143 0.9996004123165699 -0.028262221744987593 -0.000548664446445226 -6.288489646528041 0.028267469606550376 0.9994546758244669 0.017065722240941963 -0.044929606709349174 6.604897418835297e-05 -0.017074416001513357 0.9998541826038992 -0.011673323682291487 
000134 000144 0.9998265711452404 -0.01860950961448565 -0.0006105341998624733 -6.469454209944242 0.018617376737842906 0.9996715026334525 0.01760821959782577 -0.0167818375531556 0.00028266014258738575 -0.01761652990678997 0.999844811854706 -0.007296737462790689 
000135 000145 0.9999551252757488 -0.009277482143115875 -0.0018886890627873845 -6.652660511005409 0.009309601151001287 0.999798589711861 0.017776371597126903 0.01585019932519674 0.0017233946847150646 -0.017793155554718908 0.9998402619403732 -0.007982299854455695 
000136 000146 0.9999915134628539 0.0011491409794346411 -0.003939167315636554 -6.823239313048397 -0.001069888723379779 0.9997981950039441 0.02006165852771024 0.04476283641225329 0.003961441723840544 -0.02005726701824344 0.9997910133711095 -0.02521301697500829 
000137 000147 0.9999340043486693 0.009985216921847773 -0.005686132616128213 -6.9932722863783106 -0.009885525467514566 0.9998015314724286 0.017299108044263788 0.055256689864917746 0.0058577344593005 -0.01724177371186004 0.9998341465178883 -0.03468227310891039 
000138 000148 0.9998356578205018 0.016580615411158715 -0.007337595955533482 -7.172916686314338 -0.016476505606009682 0.99976586899345 0.01402981805466265 0.06974290645285736 0.007568501567164424 -0.013906612835254463 0.999874744907997 -0.046562011240121715 
000139 000149 0.9996781538681381 0.024035864960834204 -0.008118547181006215 -7.333303846015102 -0.023938530027120264 0.9996428438609807 0.011881203807907012 0.07804174464925528 0.008401226366163882 -0.011683042524744652 0.9998965117468827 -0.05369869911079657 
000140 000150 0.9995079973459426 0.030506735625349893 -0.007296082951188861 -7.474276664419051 -0.030445832751578087 0.9995017923489813 0.008318902982034176 0.08737308010321779 0.007546218180995536 -0.008092677259005454 0.9999387472703986 -0.049684841269000496 
000141 000151 0.9993892963029356 0.03477650502821082 -0.0034606420308802978 -7.6141735810577815 -0.03476652529868092 0.999391119310691 0.0029060583205962457 0.08094614180682094 0.0035595925533082893 -0.002783965908832229 0.9999898260385812 -0.029831172504105427 
000142 000152 0.9993536935435375 0.03590306373925124 0.0017349598725622903 -7.725457846423402 -0.03588981958723473 0.9993303194848437 -0.007130310713172265 0.052755502357776735 -0.0019897941157418875 0.007063453456608929 0.999973008302665 0.02121389771520925 
000143 000153 0.9994484038855453 0.03289665251731398 0.004553589455032736 -7.84680058067598 -0.03284170026331289 0.999392644249231 -0.011655696324649155 0.026408059243441473 -0.0049342713683829306 0.011499716569203029 0.9999217451479778 0.03334957784413921 
000144 000154 0.9995449104738453 0.029847270015246757 0.004368758265576506 -7.946248497521315 -0.02977145792454486 0.9994207430252982 -0.016492430816882873 0.0013507050006686672 -0.004858489450522255 0.016354863845019198 0.9998543510642848 0.025644042865969996 
000145 000155 0.9996613696494371 0.025920323912389763 0.002352232570742082 -8.019504743154322 -0.025875823256665112 0.9995154361135262 -0.017303333277479325 -0.022256050895717444 -0.002799598122491685 0.017236600974435693 0.9998474113828157 -0.00958537872245865 
000146 000156 0.9997708420096462 0.021253420669914813 0.002535272259258491 -8.099699189119184 -0.021199765874805716 0.9995834072867109 -0.019583511842752227 -0.04194740611981365 -0.0029504323448264432 0.019525276871184962 0.9998049576516735 -0.027318016088657845 
000147 000157 0.999837757185017 0.0177168185097976 0.003269283332119744 -8.14366094574187 -0.017645608538132573 0.9996308684498117 -0.020655240310741705 -0.0587457575253795 -0.003634014703555718 0.02059421294869659 0.9997812766054904 -0.0459249389489272 
000148 000158 0.99988714816648 0.014134687771289484 0.005068762684698684 -8.177180974447607 -0.01402649214633577 0.9996856349246541 -0.020781965483397308 -0.07219624717827897 -0.005360916176480121 0.020708539624840563 0.9997711271561427 -0.05528269621596506 
000149 000159 0.9999282532093317 0.009454965191144972 0.007357211377544546 -8.195257407892454 -0.009285523673290113 0.9996983565963199 -0.02273254233595479 -0.07939140299587455 -0.007569930127417792 0.022662615363243394 0.9997145265855554 -0.06314865110487562 
000150 000160 0.9999586715826481 0.004975800144891307 0.0075946869218942534 -8.20513386258186 -0.0047898412162081065 0.9996930301446576 -0.024308390994143093 -0.10621383260312475 -0.007713301704066706 0.024271023122081105 0.9996756271010366 -0.06585507382947604 
000151 000161 0.9999925425631775 -0.0017460755562895424 0.0034370558190820453 -8.221617008368021 0.001829662073650613 0.9996988593874545 -0.024469508818628485 -0.12532784296378843 -0.0033932983252332187 0.024475617659487345 0.9996945338457042 -0.06531210409912389 
000152 000162 0.9999711554098478 -0.006987516805289273 -0.0029801210083514737 -8.21203064649853 0.00692113807263756 0.999739776684105 -0.02173033114950777 -0.14527800992820186 0.003131188159678462 0.021709077434998867 0.9997595392699727 -0.0975752087514681 
