000000 000010 0.8958676360691592 -0.4440939575273439 0.014202371852042341 -9.59595951404445 0.44382299674529624 0.8959192537515225 0.018698620063460007 -2.163863364550837 -0.021028119836413135 -0.010448143177749069 0.9997243423107949 -0.03399409714295122 
000001 000011 0.8946747669639213 -0.4465808561875464 0.01107690019435209 -9.560255506545202 0.4463791360984878 0.894686796487491 0.01677336378284332 -2.1902217171485554 -0.017401034281519605 -0.010062212840099841 0.9997980917515226 -0.06433217098805902 
000002 000012 0.8935191897130058 -0.4489530637004622 0.00804542927121702 -9.548859894231459 0.4488406798148568 0.8935223756562694 0.012644727388259811 -2.1909436251165086 -0.012865656580005526 -0.007687196246969658 0.9998876294270982 -0.0820675499562563 
000003 000013 0.8928882442047462 -0.4502589294780029 0.004177378015423632 -9.513096982142981 0.45019120046379835 0.8928597618014807 0.011377237645836166 -2.2137240836707752 -0.008852508986934956 -0.008277984639578465 0.9999265430748732 -0.08449508308856535 
000004 000014 0.8930599776959927 -0.44993450720985906 0.0016359850079522684 -9.47731487840147 0.4498712581830356 0.8929852098158878 0.013899196489294177 -2.179743926823913 -0.007714638767475567 -0.011676838516846172 0.9999020549286005 -0.10504972563311694 
000005 000015 0.8927699513323948 -0.45050325858689616 0.0029486776156406693 -9.492808495082057 0.4504320105058383 0.892714692792146 0.013090549646228956 -2.2035126984922777 -0.008529659493030972 -0.010358668017162178 0.9999100008925832 -0.08313477271772209 
000006 000016 0.8930928715859014 -0.44986710166477323 0.002158784392890994 -9.449011017766834 0.4497913029761308 0.8930133859943474 0.014667500395625846 -2.1817650150151304 -0.008526259617652776 -0.012128445675018312 0.9998900611938197 -0.08630874814176656 
000007 000017 0.8931840702437818 -0.44968830084720013 0.0016792786082058155 -9.396661910892986 0.449650000582387 0.8931464027356285 0.010221410684741921 -2.1498497810341166 -0.006096305118127258 -0.008374514913550053 0.9999463950305668 -0.10122386822691463 
000008 000018 0.8918275824858103 -0.4523749656846663 0.0007342862355732706 -9.41225564578646 0.4523493663053903 0.8917923803939256 0.009285354107573524 -2.195859255688323 -0.0048552885100105695 -0.007948787252690366 0.9999566803163766 -0.0744341212221627 
000009 000019 0.8913330750824835 -0.45334426271033074 0.0021020111183819618 -9.361032977524212 0.45329747391252734 0.8912918782664395 0.010946879997279016 -2.1898779382448352 -0.006836202077403919 -0.008804474446516055 0.999937856339883 -0.07664508260655195 
000010 000020 0.8912885010405333 -0.4534202104950176 0.003844664382598808 -9.33669409957967 0.4533591793742675 0.8912614729892371 0.010881060600848123 -2.17031479750246 -0.008360305455999575 -0.007955174734910551 0.9999333809517489 -0.058663612216784206 
000011 000021 0.8918454991796101 -0.4522996557148215 0.006055945944532508 -9.309881173379674 0.45218804636146626 0.8918128039901299 0.013992945954306646 -2.1435984414896185 -0.011729779153944329 -0.009741126840197163 0.9998835709334912 -0.04034874544059969 
000012 000022 0.8926670980383624 -0.45060100209938064 0.010201690234538069 -9.265003418627098 0.4504085354608728 0.8926651057270181 0.01676247492469458 -2.1062186241921097 -0.01665990084409537 -0.010368392911607321 0.999807472112932 -0.002798181933647384 
000013 000023 0.8931608548281246 -0.4496095605775743 0.010719779544826625 -9.285858994665919 0.4493745591909256 0.8931439393428444 0.018881560287949697 -2.1170828270450115 -0.018063660752374304 -0.012047088657713628 0.9997642210805278 0.0068133629903359425 
000014 000024 0.8947807913183637 -0.44639385514325847 0.009987209816391856 -9.264914694597799 0.4461320883261171 0.8947234732779955 0.020878835447911803 -2.0740012532104615 -0.01825599181822576 -0.014226366171608983 0.9997321353318898 0.009349537851115312 
000015 000025 0.8975760840178684 -0.44077048642788613 0.008862354086457304 -9.26357871417703 0.4404686463718975 0.8974453224778666 0.02406596209160119 -2.005482294476188 -0.018561065926285227 -0.017697449608348667 0.9996709434590035 -0.019990408125422056 
000016 000026 0.9005553146534564 -0.4345713547988988 0.012159141436312275 -9.308075721125023 0.43427229238515613 0.900530427979924 0.021269120011095065 -1.9752244784427855 -0.020192635124562992 -0.013873647201330724 0.9996999050366652 0.0038618118791030453 
000017 000027 0.9053175347445497 -0.4246121913827046 0.010231147455414041 -9.332804280646144 0.4243245238437042 0.905238484156854 0.022176988674857956 -1.8889738541657772 -0.018678245974990633 -0.01573589865128828 0.9997017365075206 -0.005515497410342516 
000018 000028 0.9104311965490505 -0.41359591752570013 0.007296863281255416 -9.36750007527119 0.4133377812403174 0.910276364126342 0.02342617618468738 -1.7945584603567009 -0.016331146110793525 -0.018311865064142997 0.9996988382691975 -0.0395874358962135 
000019 000029 0.9155936927785903 -0.4020591916314822 0.0060380231073750975 -9.42972867002105 0.4018644908665692 0.9154630691394574 0.020790615787186748 -1.7488429329651363 -0.013886649583720672 -0.01660930276033765 0.9997656221700927 -0.051095320011169836 
000020 000030 0.9209149990967334 -0.3897189333184158 0.005892185796685567 -9.484773040966264 0.38957841270458976 0.9208380519385542 0.016909682280537686 -1.689136822381553 -0.01201578672450469 -0.013276919007748971 0.9998395586613447 -0.0517906761877342 
000021 000031 0.9261081170796363 -0.37721513470696444 0.005699864523574386 -9.561105922837802 0.3771145099019709 0.9260669018232491 0.013596881195707672 -1.6624973139203 -0.010407405319007341 -0.010442679882710955 0.999891376812681 -0.020041534141612707 
000022 000032 0.9316905385863804 -0.3632432825970831 0.002668037760726695 -9.618744961030114 0.36319659827522155 0.93165045564343 0.01075285084162266 -1.6138004553391596 -0.006391589866699549 -0.009049314219384028 0.9999386690108095 -0.024287309377974388 
000023 000033 0.9369523359415529 -0.3494555757374237 0.0010422195084881214 -9.703988030526912 0.34942626854083314 0.936905148590075 0.010487420339148505 -1.5691910474722062 -0.004641357100001701 -0.009462032382961222 0.9999444764593558 -0.04105472582906176 
000024 000034 0.9410934761362234 -0.3381441841489047 0.0012996989158153209 -9.80118138503211 0.33813222545955446 0.9410819285834514 0.005622885762084363 -1.566400463410992 -0.003124459537459555 -0.004852204860083535 0.9999833459943859 -0.0587040891181604 
000025 000035 0.9448892379844003 -0.3273863269392521 0.00162509590070962 -9.892101669819645 0.3273811055978754 0.9448881540950402 0.002807679910939059 -1.5384016983107578 -0.0024547265413588583 -0.0021209211709262805 0.9999948758428275 -0.04690532734345624 
000026 000036 0.9484681633087036 -0.31687203618826465 -0.0005864884079180752 -10.007051583808506 0.3168716634356397 0.9484600530024784 0.003993990016183219 -1.5111797173545103 -0.0007093300761593953 -0.003974000856240315 0.9999919476115673 -0.04004674837000633 
000027 000037 0.9518201423042301 -0.30665639880118184 0.0003707987576530952 -10.113930635275736 0.30664507927258805 0.951794420860727 0.007485769020767263 -1.4605042329267817 -0.0026484879873905124 -0.007011390640746429 0.999971879861649 -0.03366400675009148 
000028 000038 0.9556283516081844 -0.2945655928389167 0.0023792598692004368 -10.239928034014822 0.29452339534025157 0.955580628675528 0.01102567235385963 -1.4035334855164492 -0.005521357564229074 -0.009835689298587321 0.9999364261389398 -0.01838893186976546 
000029 000039 0.9593930901849433 -0.2820650945530118 0.0020794636864024 -10.36235206650424 0.28200002476418745 0.9592871704380047 0.01562407641753329 -1.324074348757061 -0.006401821349318719 -0.014403220835448774 0.9998757504085894 -0.016322081068627096 
000030 000040 0.9638935458487216 -0.2662833284177698 -0.001637729136880624 -10.495195790837125 0.266248197905621 0.9636235780649028 0.023265844702407595 -1.2285469213539066 -0.004617145731677594 -0.022861826676388752 0.9997280122235211 -0.023734407670449306 
000031 000041 0.9681651056996768 -0.25027874265514755 -0.004112144207242943 -10.63549724500419 0.250300488343128 0.9678264991428386 0.025720067815842636 -1.12469791845291 -0.00245735307390948 -0.025930547154789766 0.9996607217504109 -0.031012396196670632 
000032 000042 0.9720721027867014 -0.23462500601047726 -0.005173378139623923 -10.785447076649948 0.2346786025495937 0.9717018661658702 0.02686349001173611 -1.0397871603744226 -0.0012758736399316405 -0.027327324307978317 0.9996257178718488 -0.044777567514809484 
000033 000043 0.9761782240320828 -0.2168866154796956 -0.006012548061449582 -10.906802775848783 0.21696978249688784 0.9758348590846344 0.02589344627163239 -0.9549203709930593 0.00025131995078002774 -0.026581176842348314 0.9996466007361124 -0.054646990044642144 
000034 000044 0.9801062211912803 -0.1983961878868034 -0.00552830378293406 -11.027569980470185 0.19847316968611586 0.9797166400533515 0.0276398481593673 -0.881067550381785 -6.747589963939542e-05 -0.028187217471934888 0.9996027006348507 -0.05844563656506233 
000035 000045 0.9834619161204763 -0.1810892645257714 -0.0030516480268184243 -11.15536493930571 0.18110480410959942 0.9830890923248049 0.02714665505192221 -0.8070807094443554 -0.0019159280199440925 -0.02725037200295859 0.9996267083502444 -0.0325050831691667 
000036 000046 0.9865867430915974 -0.16323841465305863 0.0003272663597810745 -11.265400792939465 0.16317985081194267 0.9862825360927434 0.024878377284995798 -0.7396165561448614 -0.004383878153463023 -0.0244912853139491 0.9996903766444268 0.0027755710187197915 
000037 000047 0.9888797169457396 -0.1486929201951246 0.0027326300004461407 -11.415401685441369 0.14859916536646223 0.9886570486350725 0.021805135114651267 -0.6971596067872736 -0.005943900572038341 -0.021156593675398162 0.9997585140964238 0.02974852829312183 
000038 000048 0.9911277905488801 -0.1328616382631603 0.0036807574105042692 -11.54779420071266 0.1327810638801306 0.9909989833359009 0.017030592539310073 -0.6441942357787188 -0.005910333059793611 -0.016390745425365248 0.9998481709973588 0.04286627122483465 
000039 000049 0.9929914976454004 -0.11804904241732855 0.005686089564813807 -11.695909776404948 0.11797399938505353 0.9929431142601666 0.012095043154776842 -0.5795632960445287 -0.007073771018851906 -0.01133947036039624 0.9999106386588196 0.04949101358837972 
000040 000050 0.994300271626045 -0.10632867671873855 0.00781893906582669 -11.873789295840734 0.10626650222330483 0.9943057189276608 0.00798068122731072 -0.5240339498326709 -0.00862299919720477 -0.0071042737388261395 0.9999376485762629 0.06383873102869574 
000041 000051 0.9954506782895314 -0.09473037768196756 0.010192855288680207 -12.042103981102318 0.09468999379976646 0.9954972652507351 0.004362588448114509 -0.476668343136354 -0.010560222471552813 -0.00337759655762815 0.9999385353066245 0.08040569363886657 
000042 000052 0.9964061348547477 -0.08388873363267944 0.011728716743226874 -12.223240091049224 0.083871563480137 0.9964746499592504 0.0019499501723135582 -0.4324189194206499 -0.01185095099779971 -0.0009592474560814562 0.9999293484565687 0.08783117023894313 
000043 000053 0.9971425617440837 -0.07454954747573385 0.012209121357725838 -12.43217503867929 0.07453281963362295 0.997216825118908 0.0018233344023988124 -0.3727976119400185 -0.012311082822747427 -0.0009081545059811392 0.9999238468996735 0.06674098168815887 
000044 000054 0.9978959700273259 -0.06409133047743765 0.009794758940873876 -12.633013893601476 0.06407025181072837 0.9979423002459338 0.002451786041378631 -0.32781714528032446 -0.009931750652684937 -0.0018190747629812033 0.9999489113597456 0.03351552597673227 
000045 000055 0.9984859821498147 -0.0546047334019414 0.006640436196599578 -12.851612000231214 0.05458731365412111 0.9985050152164845 0.002772134924460764 -0.2809115089013266 -0.006781868946591946 -0.0024054700630601325 0.9999741914235507 0.012162423501433005 
000046 000056 0.9988685959765902 -0.04745266078147741 0.0030857798306040637 -13.082198838722617 0.04744261588631483 0.9988687449170449 0.0032209530293381594 -0.2504477004111319 -0.003235142556869166 -0.003070955681102249 0.9999901160757697 0.004839764929337794 
000047 000057 0.9992753187223573 -0.038045455805838305 0.001138849973059689 -13.314979639477054 0.03804168089245845 0.999271052968733 0.003198993792891407 -0.21886914274502797 -0.0012597316578702557 -0.0031533785327397374 0.9999942244799899 0.016049502240912963 
000048 000058 0.9994814944002678 -0.03219485597590172 0.00039658420276083206 -13.546706168819275 0.032192786614928505 0.9994711632847623 0.004622772077401017 -0.17896329267548833 -0.000545220868290898 -0.0046075982319178374 0.999989275701302 0.011379847014980514 
000049 000059 0.9996686618187687 -0.025737914998329073 0.00034689544992762267 -13.745473279398214 0.025735864015498225 0.9996568154415232 0.004888898771316934 -0.14421807503017264 -0.00047260463346563477 -0.0048783681509711185 0.999988126291114 0.026338928340468037 
000050 000060 0.9998117957580797 -0.01940040308232072 1.0334604315626411e-05 -13.955840291242412 0.01940014583327521 0.999805378289811 0.0035769182420353073 -0.11443787032076821 -7.971649457337716e-05 -0.0035761069652133454 0.9999935809877323 0.03563112546958457 
000051 000061 0.9998881772312044 -0.014822772260015602 -0.0020075842200892842 -14.189725086237383 0.014831307352106068 0.9998809761666159 0.0042432441889620936 -0.07032802343813654 0.0019444362386950085 -0.004272603590775224 0.9999889672086516 0.032358360593972235 
000052 000062 0.999957713604332 -0.008598267577934134 -0.003240187761710096 -14.397736397613286 0.008612232001368035 0.9999534927655042 0.004326291834094498 -0.03273621571001236 0.003202841967610828 -0.004354049990405846 0.9999853096585746 0.017406498532322998 
000053 000063 0.9999898802392537 -0.003922524156635641 -0.00222951002045698 -14.598670859679341 0.003932955163070765 0.9999813575341199 0.004686382438283008 -0.014660801851271402 0.0022110739040710208 -0.004695087743752797 0.9999864014634665 0.024817655797916074 
000054 000064 0.9999984867032007 -0.0015013496048888505 0.0008725254463267282 -14.826835722809065 0.0014977671279945868 0.999990534451856 0.004098790930924207 0.017465169667684043 -0.0008786706076013864 -0.004097460525169806 0.9999913194918661 0.044894495527426956 
000055 000065 0.9999950654356047 0.002394672180178016 0.0020841102388412494 -15.034990442357092 -0.002403518186860729 0.9999879324310852 0.004311859099748122 0.02016694281646536 -0.0020737779661051015 -0.004316824985470533 0.99998855660743 0.05247363604071774 
000056 000066 0.9999842090893507 0.005160389014484467 0.002252115880264841 -15.239662262981412 -0.005165304562339507 0.9999842774114139 0.0021831588905753224 0.03394468382799079 -0.002240815857249884 -0.0021946742520445937 0.9999951339056891 0.04604460576663819 
000057 000067 0.999973163683549 0.007344996987016342 -0.00010511226835142942 -15.434926847945675 -0.007344675301850416 0.9999674079222287 0.003333370355519806 0.03519765431821061 0.0001295907697371473 -0.0033324674137830924 0.9999944667209999 -0.003548576686335995 
000058 000068 0.9999561887060309 0.008987231730312534 -0.0025685401927727637 -15.621820192565156 -0.008975939807940269 0.9999500549216489 0.004368789314043075 0.028986985372723942 0.002607679377780331 -0.004345535378135385 0.9999869945930095 -0.021298064656596366 
000059 000069 0.9999585217114361 0.008724775640900762 -0.0026619197854444053 -15.842593905092933 -0.00870657681792256 0.9999393888800847 0.0067348755004414725 0.040223011173997625 0.0027205135114231767 -0.0067113878111929514 0.9999736945843233 -0.029034496482591342 
000060 000070 0.9999520695794625 0.009426969340809015 -0.0026699276915208635 -16.005899717533943 -0.009408456945585583 0.9999324316888789 0.006841996865459522 0.03878512300115659 0.002734236501855485 -0.006816477820421152 0.9999729492830378 -0.004758796311719137 
000061 000071 0.9999543522184278 0.009270688370662309 -0.002336755548541976 -16.186461966771823 -0.009253057757721138 0.9999293430888073 0.007456873485123682 0.024735523436144588 0.00240572894004345 -0.007434915768437778 0.999969488656566 -0.006814193069649976 
000062 000072 0.9999761303658432 0.006482741218374273 -0.002396834348286098 -16.358332565692944 -0.006463007859903311 0.9999458902724417 0.008162045271251384 0.03293664210244063 0.0024496170366396816 -0.008146282808929987 0.9999638149373334 -0.02036493367166231 
000063 000073 0.9999724317284953 0.006691791528145964 -0.0032295246240315453 -16.530439430299918 -0.006668142292834898 0.999951072925226 0.007297432352809556 0.0191994756822677 0.0032782170071093577 -0.007275730934994078 0.9999682740611555 -0.0353184633233941 
000064 000074 0.9999753514826716 0.0053176819049346085 -0.004566842683576038 -16.692906686862848 -0.00527833918681307 0.9999490778027131 0.008581667026136998 0.016419719792955895 0.004612243192936917 -0.008557374586246209 0.9999527239179494 -0.04851670745111383 
000065 000075 0.9999750035886701 0.00483336945735041 -0.005150956704748873 -16.855299356061394 -0.004790917891142468 0.9999544429631846 0.008245062476783136 0.0027140221142749055 0.005190576913215297 -0.008220178607635345 0.9999528055217373 -0.04006486823519623 
000066 000076 0.9999810559555922 0.00406924235976299 -0.004624706764789412 -17.008811487968533 -0.004026743408029213 0.9999501156719515 0.009156314478006262 -0.012180430072304758 0.004661732059471945 -0.009137545458644673 0.9999473261556979 -0.02727252690136272 
000067 000077 0.999997526524774 0.0014938037511753191 -0.0015364795959937432 -17.152514043878924 -0.0014835563253887609 0.9999769327687944 0.006616519589551395 -0.010822804446644733 0.001546331299569486 -0.006614246386621091 0.999976981778771 -0.01335511531337085 
000068 000078 0.9999991138943648 0.0005686292849183584 0.0012454383898961982 -17.314151228394294 -0.0005742533365381937 0.9999897609645962 0.0044792763657835214 -0.04658878726701504 -0.0012428702360357472 -0.004480050244265823 0.9999893011020023 -0.011503942792738114 
000069 000079 0.9999994509617715 -0.0005219256765948395 0.0008722046378287951 -17.473527593263505 0.0005207003401301968 0.9999990119558562 0.0013805642793838463 -0.08495773130667066 -0.0008729191999328122 -0.0013801575412799225 0.9999986037632288 0.0008189137382767463 
000070 000080 0.999991046967623 -0.004093651000398964 -0.0009468176104500915 -17.602649127905973 0.004092745674774826 0.9999911885623393 -0.0008986229176107661 -0.08711322414694025 0.0009505052673396033 0.0008946448410115675 0.99999921122364 -0.007180206050287897 
000071 000081 0.9999877404200387 -0.004632252954371707 -0.0017132805755950631 -17.773694313082384 0.004630623578511564 0.999988898822501 -0.000952098325693358 -0.11448315905994885 0.00171765742155855 0.0009442200751800143 0.999998110582027 -0.02908841364789986 
000072 000082 0.9999879801175229 -0.004694722802556644 -0.0014299535828490465 -17.929981715388568 0.004690444080788202 0.9999845616477951 -0.0029725707905917374 -0.12779201082610714 0.0014438768694135895 0.00296582126840953 0.9999945798777407 -0.02749171353999638 
000073 000083 0.9999661122964894 -0.008233447634098176 -0.0003668179665778675 -18.061707562139 0.008232259278857085 0.9999610877677824 -0.003189065401856979 -0.1198439708799765 0.0003930549864594158 0.003185965922078598 0.999994712201588 -0.006937256979180222 
000074 000084 0.9999541496711609 -0.009483923635401561 0.0013227483438956738 -18.234877966524337 0.009492553633582219 0.9999327016812546 -0.006683859012929522 -0.19118580963090315 -0.0012592698716317153 0.006696124808540291 0.9999768501148423 0.01805337133579013 
000075 000085 0.9998860881669505 -0.014972975979169396 0.0019141756722424032 -18.368918460439424 0.014985389112562463 0.9998659127416822 -0.0066069073682551395 -0.2200212853622654 -0.001814991825147174 0.006634858935308442 0.9999761693798807 0.000816274615721601 
000076 000086 0.9998241833223571 -0.018712431703141144 0.001145899481440398 -18.525027442164696 0.01872231782078138 0.9997818739660664 -0.009249926366815342 -0.30042464087276743 -0.0009725644666799464 0.009269761554899909 0.9999565070435438 -0.01132519278426717 
000077 000087 0.9997459891749342 -0.022538813928820366 -0.00037802004926627077 -18.66845953736146 0.022534189948076048 0.9996997094630009 -0.009628491657151933 -0.3716398163882768 0.0005949204407206159 0.00961757204839205 0.9999535150615353 -0.02258838577386866 
000078 000088 0.9996112790019109 -0.02788010798903121 -0.0003627279381986277 -18.794147632918694 0.02787506203736831 0.999560291407071 -0.010106490186514406 -0.3919571181956871 0.0006443447305348084 0.010092492583152318 0.999948927702921 0.0010049910869121062 
000079 000089 0.9995354698467782 -0.030474201000587085 0.00039329247716763993 -18.925350656431128 0.03047645799913501 0.999493688649717 -0.009133634775483644 -0.45176558520374616 -0.00011475223989204553 0.009141400517301279 0.9999582936344884 0.010298296385663049 
000080 000090 0.9994402501658838 -0.03333458271006605 0.0028256194039301915 -19.058756989491307 0.033357831432696716 0.9994064797101261 -0.008594523317894552 -0.49905821965814234 -0.002537456723630642 0.008683979783780953 0.9999590212020646 0.028576206176890107 
000081 000091 0.9992203073587238 -0.03923789099656451 0.004348478045875261 -19.15991612381661 0.0392804032451227 0.9991766671229594 -0.010147526155960764 -0.49653134899415685 -0.00394672089961161 0.010310435628675287 0.9999391655084524 0.03949444854471772 
000082 000092 0.999086569389033 -0.04251433473044095 0.004308892551797995 -19.291190950671467 0.042550345536498974 0.9990567763742416 -0.008653872938514015 -0.5496206758919423 -0.003936899227795188 0.008829298316379571 0.9999532581080046 0.007142552478848738 
000083 000093 0.9988889326521451 -0.047011515029629955 0.003240755144310481 -19.403171870027315 0.04704543554636293 0.9988284283227872 -0.011342674338134812 -0.57168637779835 -0.0027037225829349048 0.011482516132492987 0.9999304161149708 -0.0016175998057679636 
000084 000094 0.9987579789641189 -0.0498005716510385 0.001567664035889657 -19.515481862191823 0.04981393305243129 0.9987069293175386 -0.010145295561310002 -0.6066577826535816 -0.0010603846248207413 0.010210787452300744 0.999947317633961 -0.04755987098886065 
000085 000095 0.9987304922995193 -0.05036281311841741 0.001038419201491371 -19.629082049326378 0.050370971194395334 0.9986750041733893 -0.010544212568535558 -0.649932535859557 -0.0005060049853697243 0.010583105004718422 0.9999439130342368 -0.04027340121284268 
000086 000096 0.998571361267022 -0.05337861823231789 0.0024053349429891207 -19.71547392748 0.05339648272728418 0.9985405380814796 -0.008098259008240908 -0.6197869766019564 -0.0019695375907282575 0.00821509654025817 0.9999643929302546 -0.03639870844059044 
000087 000097 0.9985904943516558 -0.0529252519063638 0.004012907278259664 -19.826066736484588 0.052954233915892004 0.9985687293475535 -0.0075155023474889745 -0.6666758872891125 -0.003609398530973541 0.007717359754235516 0.999963587639209 -0.02378015703401574 
000088 000098 0.9985500394390302 -0.053736717813087725 0.003163643267530073 -19.94635849003794 0.05375342355413964 0.998539105366283 -0.005480766792021034 -0.6887716330712377 -0.0028645040920138682 0.005642856626727614 0.9999799588015615 -0.05408009397317206 
000089 000099 0.9984049893381695 -0.05642694084955 0.001883404892845566 -20.03999391910063 0.056437413690945126 0.9983878251387954 -0.006038578415494099 -0.6677312582338188 -0.0015396324861708935 0.006135245774618068 0.9999800856189374 -0.043063939030023986 
000090 000100 0.9984417676151213 -0.05579560147531431 0.0009170030476373009 -20.146072431937597 0.05580063631999796 0.9984178469751339 -0.006932780488435173 -0.6893923146604611 -0.000528733930904175 0.006973176819690993 0.9999755323494782 -0.042602593789651415 
000091 000101 0.998395964975969 -0.05661770425743017 0.0004636607154899456 -20.24410933328544 0.05661947547717738 0.9983726700100071 -0.00680019566533981 -0.6811491712477658 -7.789624665236296e-05 0.006815514064120037 0.9999766540727817 -0.04657360103073205 
000092 000102 0.9984572069300078 -0.05552536779740443 -0.00023694082132476289 -20.349759247116083 0.05552404673010594 0.9984497576472201 -0.003900008884519388 -0.6756432260012858 0.0004531169174532652 0.0038808367206211256 0.9999924060132332 -0.042123313959152184 
000093 000103 0.9985675526506782 -0.05349067999637531 -0.0013347720305127019 -20.42807442924829 0.05349292130711758 0.9985667792604639 0.001708096643552132 -0.6472345523273724 0.0012414912365874193 -0.0017770397099233703 0.9999976886114057 -0.0891587718996406 
000094 000104 0.9985742445752677 -0.05338005644608798 -7.493539480624378e-05 -20.529269799493044 0.05338012731875229 0.9985710959956332 0.0025216635350738185 -0.5816199513755063 -5.9777607285667067e-05 -0.002522063465596187 0.9999968594673954 -0.07300650352671614 
000095 000105 0.9987573206280735 -0.04983399884293787 0.0005101181901478261 -20.61364234443334 0.04983219630337655 0.9987527686809867 0.0030590771740592825 -0.5602605187707401 -0.0006619416436992467 -0.0030298498784960695 0.9999952433662304 -0.07374036199011455 
000096 000106 0.9989017385798297 -0.046849239752448174 -0.0006499331258760036 -20.698081358663885 0.046850314381588994 0.9989003482286359 0.0017434454893294356 -0.5484785935563741 0.0005675420985658755 -0.0017719865557443808 0.9999983013126676 -0.07023859232429294 
000097 000107 0.9988863622416997 -0.047162164986577874 -0.001255693790912528 -20.79096793206543 0.047163959753065504 0.9988861637090497 0.001401550016245995 -0.4928707511904183 0.0011881835473054082 -0.0014592149502855383 0.9999982270772348 -0.06702664431666201 
000098 000108 0.9990085325527205 -0.04452088094041332 -0.00012085424170953264 -20.88792700626612 0.04452066102797921 0.9990069791168358 -0.0017179943578166158 -0.5317351909852654 0.00019722330469211773 0.001710912617083871 0.9999984824048018 -0.03955847593893552 
000099 000109 0.9990355689413282 -0.04390872091550789 4.2349797182461025e-05 -20.97460747250974 0.04390862190447605 0.9990349229324956 -0.0012511873134897127 -0.5316750230162016 1.2624095598112928e-05 0.0012518556892049362 0.999999157025575 -0.05066536106971123 
000100 000110 0.9990776013775607 -0.042935719284196705 -0.000752980914540085 -21.064361695408774 0.042935376134523466 0.999077872258784 -0.0003353163281389074 -0.5542982347381317 0.0007666887527495332 0.0003026808160253419 0.9999997147925086 -0.046868239238193055 
000101 000111 0.9991160429963617 -0.04203158436294311 -0.0004194966749664549 -21.151647376773287 0.04203146119948023 0.9991162430298005 -0.00018827909553533755 -0.569802430078949 0.0004270449565699931 0.00017047601700875256 0.9999998546268671 -0.031726949093156334 
000102 000112 0.9990494689815295 -0.04358654858778764 0.0007430252559290512 -21.24816133666797 0.043587952319694284 0.9990475224562455 -0.001999501155773348 -0.5651380611424373 -0.000655163802099099 0.002029980540545543 0.9999976742856048 -0.0391215087787259 
000103 000113 0.9990777702346133 -0.04292724952930264 0.0009188407410457673 -21.346292499502194 0.042930023113592286 0.9990722813291336 -0.0034259567750477334 -0.5969878150753063 -0.0007709210947940008 0.0034622352118343085 0.9999935396524653 -0.04472456404563027 
000104 000114 0.9990805873437543 -0.04286787947653068 0.00041748621157187255 -21.425403399032785 0.04286914254496802 0.999072501314508 -0.004065091210856568 -0.6136320392644296 -0.0002428447154330726 0.004079249762916368 0.9999916501898282 -0.06657168000649144 
000105 000115 0.9989796272305651 -0.04516103440075196 0.0003662256418828037 -21.532334461262224 0.04516204202126261 0.9989731020585984 -0.003658899425129001 -0.5913242905191479 -0.0002006001462047432 0.0036717009574491082 0.9999932254734581 -0.07476441624508665 
000106 000116 0.9990061265486917 -0.04456405109573997 0.0009735505537324816 -21.63093413364127 0.044566868983116514 0.9990018128439472 -0.0030386679646441724 -0.5894132103326648 -0.0008371696489533788 0.00307903921862604 0.9999948914454352 -0.04999852791744646 
000107 000117 0.9990575075831063 -0.04337185216735359 0.0018033779507096522 -21.718307663980212 0.04337472040069271 0.9990575511771721 -0.0015934279682496939 -0.5982716819812393 -0.0017325726382038246 0.0016701528278148742 0.999997068400685 -0.01464695731540689 
000108 000118 0.9990249744866084 -0.04411900737446325 0.001643579986243801 -21.798390650932227 0.04411854705150259 0.9990262764561152 0.0003238154594373815 -0.5440022038546027 -0.0016562780156889744 -0.0002510179801886245 0.9999985680675684 -0.022099489594190447 
000109 000119 0.9991378153360297 -0.04146421091188321 0.0020653250173634824 -21.873630605854 0.04146405127757563 0.9991399809011166 0.00014197503171378253 -0.5547602934005051 -0.0020694268592205863 -5.62350842079212e-05 0.9999978620449133 -0.01695316581019324 
000110 000120 0.9991278411133788 -0.04170228017220967 0.0020975508732286804 -22.002327885248672 0.041702421516239124 0.9991301763438424 3.795492424051225e-05 -0.5207665068127564 -0.002097312835330232 4.954535859941675e-05 0.9999977919705584 -0.011506285054241748 
000111 000121 0.9991868813329007 -0.0403046674146057 0.0011215698892655043 -22.066463945581646 0.04030347042167147 0.999186746279132 0.0011458861396950225 -0.5434644503085095 -0.0011668462105339553 -0.0010997360790809328 0.9999987593348502 -0.02517626523208174 
000112 000122 0.9992413143362955 -0.03893855446998951 0.000751468831188085 -22.132769848699084 0.03893672017904138 0.9992388684944699 0.002386744804125646 -0.55270739058167 -0.0008438293304249493 -0.0023556529012955757 0.9999969768964887 -0.04524151726194436 
000113 000123 0.9992129406167568 -0.03965117904864374 0.0012302160292475192 -22.25576446250195 0.03964431017654836 0.9991999013797803 0.005284278091289563 -0.5270176490861668 -0.0014387671833436461 -0.005231346974900383 0.999985417038938 -0.04336652020083545 
000114 000124 0.9993060461276875 -0.03724047721147859 0.0008482157578610864 -22.30942440402846 0.03723555430824831 0.9992930360507752 0.005211364928350892 -0.5163976612294323 -0.001041691253066223 -0.005176172996708836 0.9999861492540909 -0.06394311495070347 
000115 000125 0.9993683987816492 -0.03553572059334487 0.00022741365408186537 -22.37029755044736 0.035534328626020455 0.9993564290141383 0.0048644385902133595 -0.5148266868404323 -0.0004001287681774715 -0.004853261071604468 0.999988119333476 -0.08935056408384098 
000116 000126 0.9993373577389982 -0.036396592647598196 0.0002987587699341857 -22.50877400158363 0.03639521737197222 0.9993303418427375 0.0037669863780357715 -0.4694908851935591 -0.0004356680674954511 -0.00375362401363338 0.999992789988813 -0.09734594154091045 
000117 000127 0.9993943365962242 -0.03479167854660272 0.0005580078755776023 -22.569188521953237 0.034790443085135785 0.9993928343311583 0.0019188340304723364 -0.49009277539261187 -0.000624431620958169 -0.001898256293508003 0.9999981292152065 -0.05293194778199584 
000118 000128 0.999430435989156 -0.03370298117629299 0.0016387612731212926 -22.651974383344143 0.033702143383764566 0.9994318487794922 0.0004632789720744769 -0.5145499589991545 -0.0016534436596338335 -0.0004077863174017111 0.9999984827565835 -0.027213041542460792 
000119 000129 0.9993648724119026 -0.03555906699933368 0.0023431520824881455 -22.753359596551228 0.03556062441854677 0.9993674133117956 -0.0005754619256724476 -0.4650630073313855 -0.0023212157940779546 0.0006584104013461705 0.9999970068436476 0.01735597774642309 
000120 000130 0.9994371393494328 -0.03335989437552857 0.0035460427619992143 -22.824913192649404 0.03336722988929115 0.9994409702442996 -0.002035391835074881 -0.5198873177959399 -0.003476157611098458 0.0021525618814895427 0.9999916521144402 0.04150830751808266 
000121 000131 0.9993738167510737 -0.03519536203448336 0.0036525567540008973 -22.909086885809106 0.03519871235252638 0.9993798339032559 -0.000863598088657027 -0.4891191649536769 -0.0036199041357381522 0.000991628838542678 0.9999929906401173 0.02796335577522545 
000122 000132 0.9994241550523365 -0.0337869157236202 0.0031334760334788487 -22.99695889186936 0.03379506472573493 0.9994255344343134 -0.0025668590816816435 -0.5315763252576418 -0.0030449596250106464 0.002671238723878942 0.999991618945286 -0.0019977500743618634 
000123 000133 0.999434675107567 -0.033502846174963845 0.0027540369500590415 -23.076345506025106 0.033516353545639394 0.9994255057214052 -0.005043139577872837 -0.5681980359994665 -0.0025834820496706385 0.005132590872950315 0.9999834427882835 -0.04118344224800799 
000124 000134 0.99932011437179 -0.036718786990228326 0.0033261221139841133 -23.177736340526337 0.036737301224061096 0.9993087176475606 -0.005668951118931479 -0.5484336259568352 -0.0031156675482828435 0.0057872922610400146 0.9999783912635433 -0.057099585589138926 
000125 000135 0.9993190786441871 -0.036621713941098415 0.004509090554268273 -23.24666526301395 0.03664982554536806 0.9993079039265561 -0.006370885747520826 -0.5782523780253275 -0.004272661610349766 0.006531813506501602 0.9999695752402439 -0.048680608200581746 
000126 000136 0.9993128593771855 -0.03675167749277588 0.0048171555616926326 -23.31281129094297 0.03678164660388835 0.9993035986477112 -0.006289547033179756 -0.6155740641487353 -0.00458265613033459 0.006462431358966207 0.999968742350728 -0.03411415684461476 
000127 000137 0.9992324281277213 -0.03908287574884916 0.002641447888271259 -23.39006174059737 0.039095473608992105 0.9992238029333324 -0.004821490246425755 -0.5622884670511363 -0.0024509536148221195 0.004921062722007384 0.999984803051567 -0.05212841222837026 
000128 000138 0.9993024437733979 -0.03732385397690645 0.0012154185788105715 -23.464177450729764 0.03732815046977976 0.9992962976780296 -0.003659609259450902 -0.578417887972914 -0.0010779585918986282 0.0037024446515711764 0.9999926308169981 -0.05820917549016225 
000129 000139 0.9992940952041556 -0.03755334645545497 -0.0010040737903197565 -23.527108809750626 0.037551453228982554 0.99929296552125 -0.001800271169437449 -0.5331382845403922 0.0010709653503036755 0.0017612892879553664 0.9999978909967433 -0.09192960411075982 
000130 000140 0.999338757559294 -0.03623225247388775 -0.0030345237546709307 -23.59249743329466 0.036237055653515884 0.9993420521812584 0.0015236124551176757 -0.5266325513939534 0.002977314028381768 -0.0016325691955751127 0.9999941645263922 -0.13268551366343662 
000131 000141 0.9994060429216611 -0.03431465461834362 -0.0031812325194407218 -23.64321048328348 0.034319743370414366 0.9994097900786214 0.0015669332876700746 -0.5189451539438308 0.0031255748248672885 -0.001675185115950907 0.9999937068932896 -0.11596639652047183 
000132 000142 0.9993725615544046 -0.03537938799326723 -0.001648060982323144 -23.689537986525465 0.03538227315224874 0.9993721499079976 0.001784202716036339 -0.4612311374827069 0.001583910881301419 -0.0018413833534914527 0.9999972022053851 -0.0992382987340884 
000133 000143 0.9994509666217825 -0.033129567581150945 -0.00039598111701521577 -23.723635170747148 0.033130244168690905 0.9994494763696158 0.0017815532929320481 -0.4781076728257919 0.00033674168687267993 -0.001793689635787153 0.9999984611334234 -0.08692596581757765 
000134 000144 0.9995173441289275 -0.031055014529682255 0.0009562042423691125 -23.780772801489505 0.031053406268510265 0.9995165577303324 0.00160916343285153 -0.49193263654290953 -0.0010057133292915347 -0.0015786796969898041 0.9999982261619492 -0.07258477191271542 
000135 000145 0.9994770607688986 -0.032299689706909204 0.001473955423301061 -23.83165316587015 0.03229699517941438 0.9994767022889776 0.0017974149940398047 -0.4454275673742839 -0.001531252745755516 -0.0017488670041418937 0.9999972708506367 -0.061657308197225334 
000136 000146 0.9995538232833735 -0.02982291153541896 0.001626457078924866 -23.852180724526118 0.029821228417039772 0.9995547410063537 0.000958356337469262 -0.4613560531049359 -0.001654311413013703 -0.0009094295564504045 0.9999982027413659 -0.05308272793924774 
000137 000147 0.9995887621103783 -0.028618186730199658 0.0018285125435118848 -23.878952583039013 0.028615686417210854 0.9995896620677541 0.0013303355637376928 -0.48543146532480963 -0.001865846189968233 -0.00127747526131882 0.9999974376690509 -0.04560165480926813 
000138 000148 0.9995234514769176 -0.030863073051711775 0.0006428222691753193 -23.922182960851597 0.030861605983630646 0.9995211718649729 0.002222024187552716 -0.433693560599514 -0.0007111021002378041 -0.00220112910996142 0.9999972836005206 -0.08787244620711625 
000139 000149 0.9995964295038849 -0.028405028509638695 0.0001468831967582985 -23.931813832571045 0.02840475549627933 0.9995955126592716 0.0015025802116336207 -0.4836211978519228 -0.00018949711540170274 -0.0014978134212343176 0.9999988582733635 -0.11796586364260953 
000140 000150 0.999514078229371 -0.031157316801992213 0.0008708179710208217 -23.981972933894294 0.031157367256368 0.9995144618530593 -0.00016507466717068052 -0.4469366041124233 -0.0008652491462620792 0.000192110682667454 0.9999996713376162 -0.14427713924768518 
000141 000151 0.9995346741297461 -0.03046050994419782 0.0015659599865901928 -23.991039535182594 0.030465191988595625 0.9995310186382803 -0.0030615314883014125 -0.48561101025309983 -0.0014719559286395228 0.003107816328085821 0.99999402111015 -0.14550399439620532 
000142 000152 0.9995327107297822 -0.030558572535488968 0.0007018562233184113 -23.99600175099212 0.03056160370874874 0.999521750138338 -0.004714398011577254 -0.5235075984025864 -0.0005574612895610934 0.004733685831538552 0.9999887771722173 -0.14617840118827935 
000143 000153 0.999433415729578 -0.0336545034978377 -0.0002451478090264497 -24.033575995735475 0.033652812455696964 0.9994191130660917 -0.005371606150947393 -0.4890096160665528 0.0004257689640835389 0.0053602988469993035 0.9999854730244816 -0.16700790586763498 
000144 000154 0.9994483272970418 -0.033185780028948474 -0.0012919090468305847 -24.042754571944144 0.03317837626419609 0.9994347208750995 -0.005404076954001125 -0.541433296867563 0.0014705243245395285 0.005358229232052997 0.999984461455454 -0.17028182931583075 
000145 000155 0.9994519437117632 -0.033038289392304264 -0.0020798707929850445 -24.04677102856526 0.03302572158675226 0.9994375024153143 -0.005833936902957224 -0.5880714773508506 0.0022714592531152327 0.005762031921031249 0.9999807623491116 -0.17574523619233598 
000146 000156 0.9993138519653896 -0.03688395418298346 -0.003384485177524476 -24.076095230925187 0.03686664081060154 0.9993074229524146 -0.005054551993372501 -0.5594854890684052 0.003568583950165602 0.00492629792344411 0.9999814246951936 -0.15732711350063744 
000147 000157 0.9993189892563904 -0.03666204320332674 -0.0041568260363914755 -24.052232404352242 0.03663768051145651 0.9993119559706781 -0.005764407508227204 -0.617469291734587 0.004365298960771599 0.005608210399799531 0.9999747458708286 -0.14870519016087708 
000148 000158 0.999303601679061 -0.03724811829933236 -0.00219403723431784 -24.04956286136591 0.03723096384200533 0.9992793060591867 -0.007399675458263788 -0.6613979021873082 0.0024680879544122384 0.00731283112177351 0.9999703674369064 -0.14497512678271898 
000149 000159 0.9991605742614723 -0.04095886043421602 -0.0009185383613052508 -24.0710499178381 0.040950458691600265 0.9991309991350538 -0.007759481179601969 -0.6045828009408173 0.0012355591260503225 0.0077153749641493356 0.9999694488038426 -0.1408256718678873 
000150 000160 0.9992355142022941 -0.03908826702945034 -0.0005143575674376247 -24.04651860398749 0.039083754019920376 0.9992123157647529 -0.006895321141715979 -0.6763515918406908 0.0007834796146215554 0.006869962398002717 0.999975999068751 -0.13400855312710272 
000151 000161 0.9991030548625155 -0.042343121951800386 -0.0005438574271084926 -24.077178072726916 0.04233820231812469 0.9990777826822554 -0.007146164251174798 -0.617395451176748 0.0008459406863649111 0.007116744890709427 0.9999744157412818 -0.12583389306344814 
000152 000162 0.9991496961147309 -0.041224214248816365 -0.000654054921016186 -24.060289776171892 0.04122033743667313 0.9991371530793248 -0.005088456759618394 -0.6491503379682328 0.0008632475614160172 0.0050571437095506865 0.9999867328765032 -0.12431332169807385 
