000000 000010 0.999903046754279 0.012782408186053444 -0.005513838480879083 -15.06340496696021 -0.012764567046116886 0.9999132250914293 0.003256931127219323 0.03285161673133251 0.00555499375442575 -0.0031862354795391193 0.9999795924368583 -0.160484938121649 
000001 000011 0.9999110937030782 0.012936217696458604 -0.0032427764108159634 -15.037287958227342 -0.012937064682487752 0.9999162640149164 -0.00024120496404389557 0.0024681843294225986 0.0032393846771416974 0.00028313576094325926 0.9999946597179783 -0.17088063557389405 
000002 000012 0.9999132577581884 0.012801891521058028 -0.00307390285496537 -15.002180116672214 -0.012809029476185334 0.9999151674410883 -0.0023137387986508122 -0.03290133723600966 0.003044023696072012 0.0023529103611937296 0.9999927032969086 -0.1766343839571516 
000003 000013 0.9999399104060835 0.01023200509748115 -0.0039000775648098773 -14.929419417468816 -0.010236339581993516 0.9999469616578796 -0.001093035274101472 -0.00019203898212675694 0.0038886870939090867 0.0011328945769079903 0.9999917273440153 -0.188386343399372 
000004 000014 0.9999295404439247 0.010906959800521083 -0.004680633870942083 -14.908419343553653 -0.010913135342039996 0.9999396977934998 -0.0012951627094997243 -0.04941604550559597 0.004666225596391128 0.0013461559304126173 0.9999880413970491 -0.18642578827196846 
000005 000015 0.9999566789838706 0.008461215924383812 -0.0038702020075240895 -14.847606566855372 -0.008468223631377676 0.999962581029191 -0.001798021129633781 -0.019391104427153777 0.0038548447393001273 0.0018307191219642043 0.9999908414171939 -0.18657851711028148 
000006 000016 0.9999580078985079 0.007878074098960844 -0.004693350590852103 -14.810646210631747 -0.007895497698999785 0.999962065880091 -0.003706035146337653 -0.05220478200741209 0.004663975767949212 0.0037429372999344176 0.9999820771379886 -0.19177700073423481 
000007 000017 0.9999614193597582 0.006593596297460637 -0.0057930793085047665 -14.755052082951012 -0.006620778057755117 0.9999671908910468 -0.004685243502414493 -0.08275634252374717 0.005761999538344416 0.004723420398326191 0.9999722753736752 -0.20433533266016343 
000008 000018 0.9999810517668061 0.0038047260642500554 -0.0048519365376453235 -14.698371309033385 -0.0038362639197129134 0.9999714035317442 -0.006508301690978095 -0.06789266062489427 0.004827033901777172 0.006526794634643561 0.9999671257478077 -0.1889850525078413 
000009 000019 0.9999905951908344 0.003089078153143656 -0.0029939324441446763 -14.653467108320259 -0.00311031670343284 0.9999698219255291 -0.0071195594341881925 -0.0911662780835176 0.0029718517407283135 0.007128805909859995 0.9999702589940483 -0.13932705725480857 
000010 000020 0.999992429415352 0.0022609755250720285 -0.0031645618925039425 -14.599834967586258 -0.002278530445461932 0.99998197321478 -0.005553553637536904 -0.11143509786409198 0.003151948041137858 0.005560724108320634 0.9999795607919185 -0.14457408117762394 
000011 000021 0.999989214495606 -8.479115154342409e-05 -0.004636645567215085 -14.522917577628817 7.417748652451374e-05 0.9999972772868947 -0.0022881725032143623 -0.07975761777105325 0.004636826309744336 0.002287804118867136 0.9999867026559378 -0.18029106291998231 
000012 000022 0.9999868474956132 6.749442915392086e-05 -0.005136710861839537 -14.467775444033723 -6.025545456863708e-05 0.9999990424650226 0.0014094073049956046 -0.09528827704836952 0.005136802480027725 -0.0014090763191590059 0.9999856795731955 -0.20844748156471818 
000013 000023 0.9999920178509184 -0.000902652936614354 -0.00389218410394822 -14.39166374817274 0.000912424680759452 0.9999964828872394 0.002508248238636914 -0.09432537379768113 0.003889909163519818 -0.0025117795260148203 0.9999892945436879 -0.1943005335503806 
000014 000024 0.9999963526287796 -0.001570015853610196 -0.002255964824054138 -14.30492733219937 0.001574822570703487 0.9999963872086659 0.0021292171979682933 -0.1026562645662931 0.002252612943433525 -0.002132765110542376 0.9999952774710856 -0.16385140309165064 
000015 000025 0.9999968996508026 -0.0020820684749741445 -0.0013861911172208161 -14.216050098164272 0.0020853053164604732 0.9999950362470836 0.002342508307240336 -0.12268406028937173 0.0013813067358366224 -0.0023453948981965703 0.9999964864542893 -0.14064390360737172 
000016 000026 0.999990999438561 -0.0042401438251211294 0.00019694578809066873 -14.10266536281358 0.004239627205691216 0.9999877512026478 0.002559151953244065 -0.1065080738116379 -0.00020779616751833357 -0.0025582949950111095 0.9999967381624127 -0.14657164323634933 
000017 000027 0.9999891533632955 -0.0046474347697386224 0.00018730313857567312 -14.002406944098153 0.004647050224672847 0.9999870246629872 0.0020133623665536137 -0.12929437951063735 -0.00019666015011226683 -0.0020124715277764636 0.9999979894850959 -0.15781845194281502 
000018 000028 0.9999816903675276 -0.005363653394948973 -0.0027893804895978477 -13.881280769278346 0.005371901676394997 0.9999811332003379 0.002960480086660155 -0.15999135679082127 0.002773450997120507 -0.0029754126230776084 0.9999916670862903 -0.1882439988575031 
000019 000029 0.9999491704233262 -0.008190752571413426 -0.00589626355229093 -13.741801836638286 0.008211170802436758 0.9999603426161632 0.0034481132474889578 -0.1493887003249256 0.005867787015949552 -0.0034963535202602253 0.9999765953052892 -0.22292815385427575 
000020 000030 0.9999357296295878 -0.009426826272621154 -0.006288581357632605 -13.600687125272911 0.009434850928168901 0.9999547045311441 0.0012479557670260692 -0.17772642285579954 0.00627653252175322 -0.0013072087815528127 0.9999794447486076 -0.22645444082548566 
000021 000031 0.9999117815649282 -0.012752599561842489 -0.003697305244745234 -13.44844758162513 0.012754029981700778 0.999918498565307 0.0003636952843332655 -0.20267729560819067 0.0036923691827519586 -0.0004108195421589898 0.9999931995472533 -0.21624776309374807 
000022 000032 0.9998733590394925 -0.015913004735995842 -0.0002053880975126244 -13.286449730237235 0.01591287724901471 0.9998731817540157 -0.000593081271976629 -0.242817447226686 0.0002147987939937588 0.0005897341507740169 0.999999819785877 -0.1898677506462298 
000023 000033 0.9997973963468635 -0.020124552185886546 0.000404237067164361 -13.11004699775106 0.020125218648690248 0.9997960814150315 -0.001728682620179895 -0.24949567582911691 -0.00036936843209810926 0.001736467200362477 0.9999985393585481 -0.1674898230944817 
000024 000034 0.9997467811925638 -0.022452123135787278 -0.0014586468526451063 -12.952616495835274 0.022449779054089458 0.9997467307830712 -0.0016005300617786943 -0.2967490717176452 0.001494212883210167 0.0015673803826756411 0.9999976490656152 -0.1761710345424123 
000025 000035 0.9996154241650538 -0.027591499723619843 -0.0027380112537092917 -12.787241261331802 0.027588616739139017 0.9996188641487744 -0.0010878269965013117 -0.3180449336245612 0.002766982487472438 0.001011873989622884 0.9999955450291421 -0.18388677442662277 
000026 000036 0.9994571956967907 -0.0328382730474067 -0.002644123228545578 -12.62180595499937 0.03283256408476255 0.9994583768566794 -0.002174501944026175 -0.36515023787593287 0.0027140984120732057 0.0020865081260328195 0.9999941684368865 -0.1593578146918765 
000027 000037 0.9991913670193288 -0.04017712313159538 -0.0015894727475900155 -12.48425191152868 0.040172044976994926 0.999187993553769 -0.003103645725607522 -0.39503595009562636 0.001712876555672622 0.003037284842919314 0.9999938861267647 -0.16019632758896157 
000028 000038 0.9989195618721076 -0.04647076956638857 -0.0004397128901262999 -12.3307551010537 0.04646873823722207 0.9989125300973888 -0.0038220888486269816 -0.44712834243844934 0.0006168472685210725 0.0037975313677156785 0.9999924977644011 -0.1757860212185068 
000029 000039 0.9984779418026906 -0.05515065363579494 0.00033585850330257515 -12.193185948335795 0.05515166595599652 0.9984585673026957 -0.006213119589841947 -0.5046438471581061 7.315628666304461e-06 0.006222187816730888 0.9999806224789631 -0.17721389959191436 
000030 000040 0.997838036012926 -0.06571895842552337 0.0004066769706648778 -12.064582720717729 0.06572010335100106 0.9978065623096805 -0.007933533756875446 -0.5910772645879597 0.00011559965781820315 0.007943111807866436 0.999968474464632 -0.18124688054140228 
000031 000041 0.9970558801679985 -0.07667629909706895 -0.0006044802868012123 -11.921901636835914 0.07666478185248402 0.9969945168249191 -0.011162773759194599 -0.6856957797219769 0.0014585825616623672 0.011083580348656434 0.9999373801973468 -0.1879318336476302 
000032 000042 0.9958882948552497 -0.09053056311390145 -0.003267747573795248 -11.80951103726814 0.09047901376389385 0.9958075822013526 -0.013459546187113314 -0.7551703084543763 0.004472549099256039 0.013108556617713778 0.9999042487729983 -0.20338232125634292 
000033 000043 0.9946783154188619 -0.1028389041006031 -0.006257167564477545 -11.65666130558124 0.10274199220695206 0.9946063421419186 -0.01421875426435657 -0.870578008058549 0.00768565754229812 0.013500217704775755 0.9998792183961872 -0.21954779117361597 
000034 000044 0.9928126418502263 -0.11955830310048547 -0.0053642820523150435 -11.552483087965687 0.11947707384579148 0.9927448678548003 -0.013517117049141285 -0.9250561921046825 0.006941448433900059 0.012779057056091388 0.999894317177206 -0.21463899157516758 
000035 000045 0.9909068755859114 -0.13448213659150696 -0.004250655299281099 -11.41838879796602 0.1344194034361427 0.9908439803487963 -0.012633976696666728 -1.0106816126412754 0.00591078258077921 0.011947728892838256 0.9999111871844992 -0.1869730616449024 
000036 000046 0.988916294945042 -0.14838360721501262 -0.005183884286092044 -11.284034856970267 0.14833513510083077 0.9888985931611325 -0.008728477501640441 -1.0808724286642266 0.0064214977055876135 0.007862780093795506 0.9999483954097502 -0.17147532144235425 
000037 000047 0.9865817864452823 -0.16308434330093696 -0.00773243964084875 -11.168878544574788 0.16306883017949067 0.9866112521297549 -0.002593348924387047 -1.1276787772255257 0.00805184714873156 0.001297631253100949 0.999966698740965 -0.19857589003486406 
000038 000048 0.9839943037611745 -0.1780051896240634 -0.00831962554550749 -11.037510216066723 0.17804275782986193 0.9840145548863213 0.004005924061747647 -1.1710751039273046 0.007473562696569067 -0.005423057950862583 0.9999574008903476 -0.2022047887285028 
000039 000049 0.9814817631255844 -0.19138923867741692 -0.007972493224097913 -10.893903836894236 0.19147402700721006 0.9814274452288844 0.011745410375714943 -1.226519596733765 0.005576480462896339 -0.013054437771990618 0.9998992897291228 -0.18622649469025043 
000040 000050 0.9786982514068037 -0.20518281217702586 -0.007053883356618001 -10.782884418035712 0.20528292734172957 0.9785126420056545 0.019291479707805582 -1.2444267116842962 0.002944031420878341 -0.020328577774372556 0.9997890038852699 -0.15640968257106624 
000041 000051 0.9761778230916667 -0.21683741195954287 -0.00764034381148249 -10.628811940154545 0.21696270977140344 0.9758561004435325 0.025137641286083492 -1.2766003840198323 0.0020050960190088007 -0.02619649784774545 0.999654821267856 -0.14288787886273366 
000042 000052 0.9734846042802789 -0.22854406014898118 -0.00977348381105607 -10.50700881135409 0.22873823193092535 0.9730161784342628 0.030303804658530935 -1.3169800043680857 0.002584002550610855 -0.03173586897123779 0.999492808938601 -0.1575200644412755 
000043 000053 0.9707426774037239 -0.23981626411029452 -0.012114411210613402 -10.372635396626357 0.24009940165365207 0.9701075998487918 0.03526577238702818 -1.3373995471008608 0.003294979483578272 -0.0371426671908886 0.9993046415243987 -0.17607456867631327 
000044 000054 0.9679798526039456 -0.2507176769501604 -0.01247750804903101 -10.250735496044676 0.2510137618848835 0.9672584774018028 0.03745745228610523 -1.3676805212897654 0.0026777254490701085 -0.03939010537622687 0.9992202676917868 -0.16467263009631333 
000045 000055 0.9651957170076867 -0.26134033084122654 -0.009922518070786849 -10.128280758661434 0.26152825066791036 0.9644371973322258 0.03825829791625308 -1.4011792382021337 -0.00042879512429658983 -0.03952178306163263 0.999218630795349 -0.11488083672082969 
000046 000056 0.96235421791074 -0.271761911916934 -0.004443480976099409 -10.003752325565529 0.2717314922412014 0.9616269597995398 0.03788771546109438 -1.4146389743632024 -0.006023472649613495 -0.03766884982582288 0.9992721168618465 -0.06031559200196372 
000047 000057 0.9597925424712048 -0.2807079818409547 0.0012301255874462228 -9.87376803006072 0.28046695730316706 0.9591327038978168 0.03745593254865853 -1.4299095801524022 -0.011694042270899208 -0.035604932659343946 0.999297581814483 -0.014271267390510614 
000048 000058 0.9567246695012217 -0.2909914395367554 0.0014035453883191383 -9.792600402907894 0.29079201439949703 0.9562267846262001 0.03271370351612247 -1.4629053337959026 -0.010861519513486262 -0.03088988235286738 0.9994637873535057 -0.04820434582499629 
000049 000059 0.9536662519706569 -0.30084832870739703 -0.0033180671942100717 -9.689642448608135 0.3008381118015095 0.953366909600193 0.024246747144264294 -1.5056108032159965 -0.004131256712844084 -0.024121525535727485 0.9997004873595531 -0.1052494356462622 
000050 000060 0.9502787366589279 -0.3113191415238786 -0.007124693907976575 -9.601938134135661 0.31139745158522353 0.9501230715539601 0.01725491678996516 -1.5544587037365427 0.0013975515198098112 -0.018615599582351507 0.99982569513767 -0.1450552874123338 
000051 000061 0.9469483517417175 -0.3213832076604582 -0.001332940388175646 -9.5113648518006 0.32137967483891183 0.9468957992047917 0.01017873858714692 -1.6050746604096102 -0.002009127201063053 -0.010067123903216539 0.999947242829382 -0.10594244632275762 
000052 000062 0.9442760839094625 -0.32903466503595885 0.00886700866393541 -9.402054910738341 0.32900667305563774 0.9443168400121517 0.004490631211458437 -1.6252065737937373 -0.009850845889788061 -0.0013230896088757868 0.9999507665398882 -0.03830728160445175 
000053 000063 0.9418535117169448 -0.33568003336122787 0.015188357645388319 -9.329863030920421 0.3357091084241596 0.9419655668817701 0.0006792724003479654 -1.6511497740523757 -0.014534932147130133 0.00445909775026006 0.9998842478797384 -0.005177385158915138 
000054 000064 0.9399895014607237 -0.3409271119403371 0.01373522414541454 -9.277593127123478 0.34096351303619543 0.9400765033255118 -0.0003493609998026645 -1.6631107167746293 -0.012793060620945413 0.005011617682977072 0.9999055524258444 -0.044050353493894065 
000055 000065 0.9385708997082406 -0.34497507843595515 0.008772718951996274 -9.193889652829677 0.3450020062329897 0.9386002179930123 -0.0017389245159676666 -1.6434588813120863 -0.0076341875479444534 0.004658718498154955 0.9999599963270344 -0.0639080287265894 
000056 000066 0.9368187979615944 -0.349724455176871 0.007959299564768322 -9.139625557015142 0.3497741960316832 0.936814510493828 -0.006062140018412081 -1.6485253290435466 -0.005336315409640253 0.008463087399408872 0.9999499250661933 -0.051436875069630295 
000057 000067 0.9354393966850476 -0.3533524281785566 0.009749156473043018 -9.078703061837754 0.35345089207651614 0.9353822351878033 -0.01151283739409344 -1.649638701118161 -0.0050511049331413895 0.014215421294538906 0.9998862047492287 -0.028340832786861933 
000058 000068 0.9345308586771884 -0.35564399525514867 0.01301709372142429 -9.032380560860489 0.3557894466896616 0.9344967123012173 -0.011390659103730947 -1.6367967140758732 -0.008113421908655808 0.015276283173866484 0.9998505395693019 -0.015587738328371924 
000059 000069 0.9341703525363174 -0.35635810393874695 0.01829222559622884 -8.965783446965354 0.35649843908382384 0.9342826766841813 -0.004984808575829911 -1.6166673803055356 -0.015313744949385874 0.011177823897964848 0.9998203014797021 -0.013729467384133075 
000060 000070 0.9343746235697673 -0.35524580732246813 0.027285300387462633 -8.92410956750322 0.35547542931487647 0.9346773553639429 -0.003922288442901496 -1.5951948612282432 -0.024109587414016264 0.013364138226166906 0.9996200847826727 0.03697502709805463 
000061 000071 0.9345434968830095 -0.35449489104844406 0.03101409767214877 -8.92667672189056 0.3547529358409571 0.9349549891371752 -0.003078872328434863 -1.5889851526890024 -0.027905341889995768 0.013879692312528544 0.999514167196128 0.10617018782231571 
000062 000072 0.9346449589241131 -0.3541901016885717 0.031437764101041835 -8.908267643800432 0.35448167709543205 0.9350543433063427 -0.004061196159881865 -1.582279417307272 -0.027957589583874246 0.014939893562476077 0.99949743892538 0.15731843185849276 
000063 000073 0.9344367496229088 -0.3546785867495322 0.032113052417456434 -8.909971969061127 0.35504249980268504 0.9348290985138554 -0.006258649382112883 -1.5805722633286656 -0.02780042764425329 0.017249808886376727 0.9994646825957614 0.15496828828260148 
000064 000074 0.9340968356067753 -0.3554983925489801 0.0329226176483281 -8.922310939873626 0.35593244159867204 0.9344755335610199 -0.008227017978317973 -1.5920985290442962 -0.02784068957547061 0.01940306212624198 0.9994241092119992 0.11369969366812088 
000065 000075 0.9336992407904865 -0.35681975250254516 0.02975430897704265 -8.943880359343057 0.3572796661105465 0.9339237602664416 -0.011740507007824193 -1.6098821076400534 -0.023599022188618746 0.02159271159923074 0.9994883084845859 0.0438491780826773 
000066 000076 0.9333797417206602 -0.3579257237253491 0.026293448984054328 -8.969392869763372 0.3584346303406071 0.933379882698376 -0.018065640331139776 -1.6243571867064042 -0.018075623125624208 0.026286602347509284 0.9994910498036625 0.010707184107744142 
000067 000077 0.9326580045332376 -0.35998958658367664 0.023590362391195913 -9.013625131850873 0.3605329829549586 0.9323997054060238 -0.025428178199272844 -1.6620344500268922 -0.012841769374180618 0.03222091163149027 0.9993983422864267 -0.02554801343919047 
000068 000078 0.9319645471647187 -0.3618409683088671 0.022650636564848312 -9.035607120258463 0.3624048008122166 0.9315368461865233 -0.030031470890197334 -1.6821774478933862 -0.010233282177584766 0.036196976175937215 0.9992922146647258 -0.044123019709503275 
000069 000079 0.9313831657338199 -0.36346468522468384 0.020463139648520555 -9.09617021510684 0.3639716333927064 0.9308270401326187 -0.032949147026142565 -1.7184061605946626 -0.007071793686096222 0.038136292333005466 0.9992475057438349 -0.07704322883956541 
000070 000080 0.9308034048937878 -0.36525938906864885 0.013805485875240603 -9.126729871198394 0.3655200582002817 0.9301644748207112 -0.03448288450538408 -1.7380297624625676 -0.0002461813949785735 0.03714298572451916 0.9993099711061806 -0.09208069820541143 
000071 000081 0.93063875992036 -0.36591702501903395 0.003998779777642214 -9.168719651765198 0.365818663729186 0.9299976556754151 -0.0357878757801418 -1.7321965587775991 0.009376538574753302 0.034768426624264 0.9993514012336973 -0.10888705653949826 
000072 000082 0.9309535630961595 -0.3651127810800004 -0.004231962733111208 -9.214855719809671 0.36474620280023595 0.9304303093283628 -0.035489381263161694 -1.7278601310016892 0.016895178128854597 0.031495386468920715 0.9993610262067816 -0.1075706361039363 
000073 000083 0.9313644765427413 -0.3639984335978391 -0.008077052225208744 -9.2518939271075 0.36367773463557096 0.9311389248613243 -0.02681144986053687 -1.704994767465802 0.017280195116098563 0.022033801786847777 0.9996079832840712 -0.10873946492226147 
000074 000084 0.9324230253441231 -0.36135665349663226 -0.0029494496207833265 -9.293160310933608 0.3612151982331452 0.9322337772736372 -0.021533874591138952 -1.6668714345225475 0.010530985345189052 0.019013298193124393 0.9997636000361015 -0.06740544989188788 
000075 000085 0.9340941152853649 -0.3569766749771077 0.00597815015044531 -9.330009365632177 0.3570266850483069 0.9339636093546463 -0.015615825577074359 -1.6374520559561476 -8.894639539765772e-06 0.016721025417843455 0.9998601042736638 0.009630954356836946 
000076 000086 0.9369782160435769 -0.34928351062039326 0.008548232811684845 -9.380231806953393 0.34933577244692204 0.9369807089091443 -0.005630822155182047 -1.5647853195818813 -0.006042778111787203 0.008262156095528236 0.999947710940283 0.04055572740224686 
000077 000087 0.9406961755380919 -0.3392105239794611 0.005200668914380712 -9.435498304098374 0.3391919437129933 0.9407081029735448 0.004136647834403733 -1.4666321795433128 -0.006295510080055853 -0.002127296180273062 0.9999778105151809 0.0379066995372426 
000078 000088 0.9462069140035287 -0.3235625153034944 -5.524369040348695e-05 -9.502824314122726 0.32354306459059634 0.9461482090678816 0.01111131828151899 -1.3713308755738256 -0.003542950082839846 -0.010531481648809519 0.9999381261297583 -0.008874145919970544 
000079 000089 0.9521105060530344 -0.3057441738354166 -0.002488376678273802 -9.537142890339434 0.3057408570589481 0.9519610863423486 0.017107021902085295 -1.2367947935955024 -0.0028615421549631 -0.01704857881986651 0.9998505528435209 -0.0395548959299023 
000080 000090 0.9581940443055361 -0.28611860757586394 0.0004280197193351206 -9.606050782331485 0.2860600781415464 0.9580263781442152 0.018839513742232993 -1.1217050439403031 -0.005800386099546131 -0.01792947000025955 0.9998223320337025 -0.025642878301719324 
000081 000091 0.9644417654921138 -0.2642286284269704 0.005958884229049065 -9.645686009314375 0.2640450943029485 0.9642639174487901 0.021804010516290433 -1.005780496892355 -0.011507189344301748 -0.019455286590518768 0.9997445982384199 0.03250870240566886 
000082 000092 0.9704073800188306 -0.24121339956428978 0.011209624400356045 -9.688575880803471 0.24089956631436013 0.9702556089850288 0.023904850469442723 -0.8879813521925156 -0.01664237701786833 -0.02049706274913435 0.9996514987177091 0.04886234028417291 
000083 000093 0.9760930852888945 -0.21669662014761595 0.016881090478818035 -9.74356670269326 0.2162709664091434 0.9760399806462765 0.023933319594266204 -0.7676694022456397 -0.02166289059935596 -0.019710268386642152 0.9995709751635461 0.0821534368981218 
000084 000094 0.9819667214610635 -0.18815588417695728 0.018403516489850644 -9.784641593002721 0.18770031818544564 0.9819336281077334 0.02397099884706739 -0.641975502752299 -0.022581317339696275 -0.02008438084318079 0.9995432642254772 0.11513281618862375 
000085 000095 0.9869228936712069 -0.16019925962061798 0.017872523001032186 -9.824906147046859 0.1597194368483074 0.9868291277902806 0.025653201134485906 -0.521866418738661 -0.02174675648641176 -0.02246315325888484 0.9995112115561634 0.13298826320945992 
000086 000096 0.9907778399354116 -0.13413691201370384 0.01914709782891128 -9.8642129978786 0.13371861645595587 0.9907823430176713 0.021675420064859105 -0.4187058613950493 -0.02187809458175765 -0.018915197608792445 0.9995816884682972 0.14711855642032137 
000087 000097 0.9936129015033823 -0.11036195635055093 0.02352830518688083 -9.8996381015179 0.10988693496930005 0.9937302229269651 0.020610643563593763 -0.33966116799883417 -0.025655432597911837 -0.017893551474909335 0.9995107965395883 0.15344597155556086 
000088 000098 0.9953256182755605 -0.09183913884992755 0.029872001690277428 -9.934916773388725 0.09123160580298889 0.9956060080313476 0.021104818671490742 -0.26286545387412447 -0.0316790132878324 -0.018280898644203285 0.9993308816002521 0.15366906103553027 
000089 000099 0.9965854967751021 -0.07426254419962224 0.036090402472418334 -9.955973273385176 0.07349382804749142 0.997048987626362 0.022180097233769635 -0.20531167205427922 -0.03763104947667744 -0.019451935534263606 0.9991022881155034 0.17233377935196245 
000090 000100 0.9976551075417396 -0.05881718671597119 0.03499580269005022 -10.002618126427716 0.058021355807287935 0.9980426560853771 0.023337866519216995 -0.17446142368496176 -0.036299981072930254 -0.02125264191115717 0.999114992214149 0.1466594405513594 
000091 000101 0.9984172341465323 -0.04784110135808796 0.029565325173115123 -10.033115219932194 0.04723457001105063 0.9986655390546285 0.020883569627784274 -0.13232174558798282 -0.03052497903469865 -0.019454030864886243 0.9993445964776047 0.09775258932291422 
000092 000102 0.9990229663589445 -0.03662798731831833 0.024730106101667097 -10.081569465199875 0.03618518287415462 0.999180767528625 0.018121686462935178 -0.13473361254182975 -0.025373619331418074 -0.017209121965305784 0.9995298582897002 0.06120089566381873 
000093 000103 0.9993312028200279 -0.02880958629695502 0.02251597408251734 -10.114953220713048 0.02856082966862081 0.9995283360395849 0.011293055614943445 -0.13585514744782332 -0.02283070954565407 -0.010642434395703504 0.9996827513422378 0.04818570030741419 
000094 000104 0.9994519512118372 -0.026227946547406497 0.020193601940583245 -10.154887508593902 0.026098601306640556 0.9996374191928097 0.006642257227375764 -0.1364747536325741 -0.020360493517488476 -0.006111600286643528 0.9997740865421878 0.050857384289833926 
000095 000105 0.9995454549917206 -0.024395836083359705 0.017717363441812507 -10.191815453894606 0.024345228515779156 0.9996988475093292 0.00306518757967587 -0.14750431745238068 -0.01778680608666103 -0.0026324603212530104 0.9998383083887921 0.0501232337938982 
000096 000106 0.9995585811660227 -0.02372189717409181 0.017877232459509992 -10.224003376429584 0.0237444039977485 0.99971742164479 -0.0010486818949184476 -0.15673324742109773 -0.017847305418250328 0.0014726909901139984 0.9998395743753787 0.07348499020073176 
000097 000107 0.9995610624218665 -0.022612808226384982 0.01914267938019437 -10.24312644398172 0.022714333742902288 0.9997289562105713 -0.0051002978048805955 -0.160613549458828 -0.01902215973048934 0.005532861464175822 0.9998037650999644 0.09781149094312423 
000098 000108 0.9995759954828455 -0.02229698039580354 0.018724705969537268 -10.305245422592968 0.022454603024064088 0.9997137854437727 -0.008248060354503643 -0.17731853927685065 -0.01853541576411033 0.008665018575957356 0.9997907621628858 0.11462053239134151 
000099 000109 0.999615472871365 -0.024020652474791213 0.013850603230627704 -10.33902746924164 0.024191643699286794 0.9996315948452181 -0.01230799711456481 -0.17796967999156302 -0.013549839384852758 0.012638329202275506 0.9998284983636239 0.0743898635421639 
000100 000110 0.9996738891810852 -0.023662766150336717 0.00960064075197006 -10.374070751553116 0.0238187858991946 0.9995806579086713 -0.016462381158839745 -0.1977854078862479 -0.009207063712741447 0.016685678629960773 0.9998184261926845 0.03175437393456525 
000101 000111 0.9996926716995538 -0.02329412723589979 0.00849171201055248 -10.44215219899962 0.023436871552988396 0.9995785916273401 -0.01712309460855057 -0.20598792319017223 -0.008089261203246824 0.017316868144947886 0.9998173700478565 -0.011797544945615926 
000102 000112 0.999659941320898 -0.024263843226851503 0.009545679179762968 -10.46233388807203 0.024420917000892873 0.9995622604911759 -0.016701118704745315 -0.18533196994079262 -0.00913625868771376 0.016928556297250447 0.9998150576182956 -0.007604137849660561 
000103 000113 0.9996813584773483 -0.022670146570001087 0.011103800741777614 -10.517527087263169 0.02283938616579703 0.9996210104190776 -0.015370190451296097 -0.18979790086722276 -0.010751154124911391 0.01561890328875715 0.9998201156916326 0.007695407648966576 
000104 000114 0.9997270544278604 -0.02064603801007228 0.010949678755212001 -10.550330797964694 0.020802157896976328 0.9996808156574035 -0.014337096729575829 -0.17518509598664045 -0.01065018545631249 0.0145609639958511 0.9998373036445884 0.025812465372777774 
000105 000115 0.9997593905022406 -0.019766227861494443 0.009494818317518678 -10.60815914843613 0.019897381414972548 0.9997049914431783 -0.01393131689880317 -0.1442860846468674 -0.009216638384726989 0.014116900667263519 0.9998579367461015 0.023269137438079027 
000106 000116 0.9998685868103852 -0.015445712928751054 0.004959813132802875 -10.654760660205929 0.015515359062193321 0.9997770031008691 -0.014325704963230204 -0.13704636037354637 -0.004737458708701011 0.014400786468556403 0.9998850337709584 0.004105332608565132 
000107 000117 0.999892207736414 -0.01467869555393911 0.0004413591960188167 -10.700793929863508 0.014683421310091191 0.999791402136749 -0.014200503592197529 -0.1061756135082369 -0.00023282920738509634 0.014205464882638798 0.9998990477416387 -0.004548616629480487 
000108 000118 0.9999375327074342 -0.011127903691874124 -0.0011693981709007268 -10.743079952801253 0.011107578871109847 0.9998091153405155 -0.016077748105395542 -0.11482947575337499 0.0013480745727919255 0.016063766545071377 0.9998700002558184 0.0053609674583597194 
000109 000119 0.9999666676937423 -0.008130382223118711 0.0008968870328502717 -10.77641133141984 0.008145029533889273 0.9998073902835432 -0.01785211829041354 -0.11049232019413696 -0.0007515915371288238 0.01785883559567408 0.9998401321469023 0.01652660174837557 
000110 000120 0.9999721717571373 -0.006503153434019852 0.0036720592440072568 -10.81377651902779 0.006570822608776343 0.9998024359757586 -0.018761316543806805 -0.09657123635313652 -0.0035493543741178203 0.018784936680980774 0.9998171627333337 0.0043331554197605995 
000111 000121 0.999991896805161 -0.0038907840472935315 0.0010336894806481757 -10.858099268549978 0.003909381464819344 0.9998190553583893 -0.018622066323654263 -0.1038199081916 -0.0009610409033579487 0.01862596032370489 0.9998260252590132 -0.050201805708538556 
000112 000122 0.9999636322647891 -0.0021670935443615005 -0.008253005866244435 -10.912523092627282 0.0020442491030002222 0.9998873843614879 -0.014866965003865085 -0.1052249193697998 0.008284285071325646 0.014849570368028434 0.999855292050954 -0.1431872848741075 
000113 000123 0.9998583259130915 -0.002278165398579613 -0.016684493740500118 -10.949025446869122 0.002131328480229277 0.9999587572403806 -0.008819537333772423 -0.08076438493189197 0.016703907651061452 0.00878273192042353 0.9998219378879268 -0.20904837601123444 
000114 000124 0.9998314095934441 -0.0004815262512601678 -0.01834962626198367 -11.004341128460787 0.00044773558051376943 0.9999981484191486 -0.0018434834062473137 -0.07389170527463329 0.018350462817543368 0.0018349536581330574 0.9998298249296338 -0.18734310501198284 
000115 000125 0.999890291162635 7.798645092015519e-05 -0.014818909846764228 -11.027951962278504 -2.782732492500062e-05 0.9999942831522172 0.0033778013433635474 -0.051689553241916764 0.014819078113086897 -0.0033770295523864067 0.9998843957976339 -0.11624926009357836 
000116 000126 0.9999619771510234 0.0003168528029127985 -0.00870811977328122 -11.062242340651169 -0.00022756210884027748 0.9999474763766232 0.010243035518029667 -0.03191126041319153 0.008710910824232438 -0.010240675972232903 0.9999096052379665 -0.028571584260572564 
000117 000127 0.9999817941139261 0.001326549082057583 -0.0058813452538666496 -11.113951166627073 -0.0012447816274969625 0.9999028550298149 0.013880399455067036 -0.02442423989433723 0.005899194528031715 -0.013872831780706571 0.9998864293333309 -0.0030420630413352107 
000118 000128 0.9999734887019758 0.0004995823598605 -0.007248621104495662 -11.156390250874724 -0.00038450455212053205 0.9998740866263122 0.015866523959365497 -0.008189066626982655 0.007255642677063659 -0.015863315806319587 0.9998478691039541 0.01306145887157524 
000119 000129 0.999918899964277 0.0017151185427949783 -0.012613038814086467 -11.200693798654958 -0.0014599789369375365 0.9997946183996907 0.02021428128750815 -0.010406571480224697 0.012645125397873503 -0.02019423778323153 0.9997161420247107 -0.030598098280453297 
000120 000130 0.9998843441850485 0.002489722926079865 -0.014997983790744006 -11.244963341748775 -0.0021565400355079457 0.9997514188079183 0.022188254543550875 -0.007689462755756327 0.015049540373154726 -0.0221533603590433 0.9996414537122225 -0.046526261582360624 
000121 000131 0.9999592260284238 0.0019301084221382966 -0.008815010571549962 -11.286073837570822 -0.0017565543150860805 0.999805316439887 0.01965342553497483 0.008957370487263847 0.008851235662179262 -0.019637151193296724 0.9997680414937661 -0.023994694394891464 
000122 000132 0.9999860568251808 0.0033324721262973913 0.004086134180440382 -11.324600947157094 -0.0033994402684980715 0.9998581882138015 0.016496530228740897 -0.0013968969929523956 -0.0040305750110087146 -0.016510210765721133 0.9998556263884693 0.028382828395177015 
000123 000133 0.9998957158186543 0.0036330623095244714 0.013975780358280303 -11.347900155983716 -0.0037814394297584946 0.9999366920421723 0.010605329586132447 -0.008247347386947823 -0.013936357066572909 -0.010657070681038933 0.9998460729501066 0.0716771455887455 
000124 000134 0.9999296936756001 0.004246384939406397 0.011079327705618178 -11.397396729987573 -0.004255630965978573 0.999990604247171 0.0008109235844650123 -0.023631127568817994 -0.011075765230594874 -0.0008580205416663908 0.99993840801666 0.04524506361902144 
000125 000135 0.9999887845821345 0.004709641650190349 0.0004666945281811855 -11.466068857454415 -0.004709768756560006 0.9999888687608971 0.0002589424776406189 -0.035003822842423135 -0.000465460634669502 -0.0002611246056375183 0.9999998940693064 -0.062147023365442505 
000126 000136 0.9999733570093913 0.0027642422511673496 -0.006749843817832654 -11.518770030967827 -0.00278986081145697 0.9999890298552296 -0.0037699161694734525 -0.035450428082691096 0.006739365668788874 0.0037886597448083792 0.9999702091056608 -0.0895002034271398 
000127 000137 0.9999663197507545 0.003161208041322933 -0.00756756190445378 -11.568653271515242 -0.003221367724344567 0.9999633992502723 -0.007945334060445815 -0.05544005280203404 0.007542157235795288 0.00796944405623916 0.9999397533043908 -0.027806232460895683 
000128 000138 0.9999886028240383 0.003240986791610591 -0.0035229673118334173 -11.58454191715097 -0.0032671470003871736 0.9999666699096084 -0.007467420897401347 -0.06030179637911798 0.003498636637995699 0.00747883512689837 0.9999660296895708 -0.0020270209952719595 
000129 000139 0.9999977814464596 0.001787708469635512 0.0010614283938186182 -11.630515198366556 -0.001780311455960589 0.9999746887590458 -0.006885219176826693 -0.04296507908980307 -0.0010737059401247054 0.006883318072586437 0.9999757739939008 -0.005938346825247409 
000130 000140 0.9999966906723212 0.0025627519963253697 0.0002751514370951837 -11.682936365805487 -0.002561336182614152 0.9999847992200984 -0.004866373981032623 -0.05096756464542229 -0.00028764013599233337 0.004865662254660097 0.9999880367559907 -0.0280480552981754 
000131 000141 0.9999921410202363 0.003337003933713092 -0.002165288702992027 -11.71779097036224 -0.0033393622358461926 0.9999936491466318 -0.001126228643303381 -0.04399987505439451 0.002161513202310026 0.0011334486992198873 0.9999970078549067 -0.055292910897319074 
000132 000142 0.9999722531017672 0.003230002890402726 -0.0067280068319902075 -11.782872379819956 -0.0032345697448709324 0.999994579050298 -0.0006591765206349366 -0.007433612220088953 0.006725828718712163 0.0006809318833660878 0.9999771807738419 -0.054197866328578204 
000133 000143 0.9999393030241832 0.004364806538348444 -0.0101106812103907 -11.822800461380002 -0.0043590342165506024 0.999990277975661 0.0005967584803464792 -0.022064651995738746 0.010113164611441046 -0.0005526497118408368 0.9999487092685455 -0.053808158821176184 
000134 000144 0.9999500869087745 0.004195195926758135 -0.009074277914070597 -11.868839296528677 -0.0041776857037878826 0.9999893511879523 0.001948283633080268 0.0024798762983991446 0.00908234448893993 -0.0019102628734382872 0.999956844652224 -0.04895876634878624 
000135 000145 0.9999837490747479 0.0051416903157212 -0.002448174898274917 -11.90701459137897 -0.005144184996878728 0.9999862889554914 -0.0010232070010632957 -0.003722913066885214 0.002442871465073211 0.0010357783835228402 0.99999648277707 -0.020596675369308426 
000136 000146 0.9999722325868721 0.007205001252417156 -0.0019290220704474093 -11.948198690780647 -0.0072007869506954475 0.9999716818493841 0.002180252337823312 0.013198682278810034 0.0019446739312011104 -0.0021663011988029175 0.9999957582393173 -0.058776905487109114 
000137 000147 0.9999555805158951 0.007319382355709413 -0.005935152403835718 -12.014184664646187 -0.007302868120335477 0.9999694429441969 0.0028060287767149453 0.019941940002602035 0.005955516652064024 -0.002762556193241108 0.999978450233469 -0.06702104956132307 
000138 000148 0.9999119753215018 0.009027531361737904 -0.009717054346086105 -12.0648417557035 -0.008978178853257796 0.999946676075414 0.005114812116410333 0.029747753756626222 0.009762724892272198 -0.00502712673019821 0.9999397250962935 -0.07425935846731904 
000139 000149 0.9998999136038146 0.011085283403453687 -0.008804112620635096 -12.095610559554178 -0.011045767381623326 0.9999287326961533 0.0045224230404623525 0.02318134912300046 0.008853603339900224 -0.004424726051704762 0.9999510078996362 -0.04731875161070207 
000140 000150 0.9999346839967567 0.01093237607701033 -0.003353185164928436 -12.142044616845668 -0.01091858752745538 0.9999319534222852 0.004109290958534285 0.043996208728112954 0.0033978752338924612 -0.0040724259841154195 0.9999858558774113 -0.01793910837946975 
000141 000151 0.9999240708912067 0.012180405078225263 -0.0018826165584205602 -12.189497539329292 -0.012179175848285347 0.999925680658487 0.0007063049488079387 0.02720518264482763 0.0018910937378603487 -0.0006833231493286003 0.9999980540558819 -0.011928294264105077 
000142 000152 0.999922371266795 0.01200959667118436 -0.0032846029460266847 -12.232214099762619 -0.012016853453184533 0.9999253275514646 -0.002203694693617785 0.022514742262369963 0.0032579061275617377 0.002243001312777439 0.9999922149440909 -0.02922429454481961 
000143 000153 0.9999308921766868 0.011458839263220997 -0.0026263883850584846 -12.27578068464972 -0.01147950711434817 0.9999020598857431 -0.008004438964179685 0.004831861165858431 0.002534424195780331 0.008034038963215057 0.9999646487781189 -0.01745414957849553 
000144 000154 0.9999448700006232 0.010172407789381508 -0.0025828374605337255 -12.308317620217785 -0.010202423096883888 0.9998772154184493 -0.011902989431364374 -0.026977938162974557 0.0024614414725555667 0.011928681538541394 0.9999258867007619 -0.01334397195905477 
000145 000155 0.9999626954422653 0.007397660506996915 -0.004479687165236602 -12.380308928517845 -0.0074571545395440576 0.9998823174328653 -0.013402751234587259 -0.052016299688737486 0.004380006181611901 0.013435658177681333 0.9999000823810051 -0.047771220731919556 
000146 000156 0.9999759547190394 0.005495616645570992 -0.004194265894708314 -12.425970328864517 -0.005566402491126276 0.9998386904844027 -0.017078198319257793 -0.0850966598533586 0.004099750365952398 0.017101141567860034 0.9998453318023574 -0.05268252975124342 
000147 000157 0.9999860076606191 0.003383409546419395 -0.004097254022658714 -12.456363539127334 -0.0034538538777342197 0.9998442484327235 -0.017305732218007047 -0.11654546997664617 0.004038058904400499 0.017319648897999886 0.9998418106974712 -0.0583805215379538 
000148 000158 0.9999946488364541 -0.0006220828459295404 -0.0032065255192189773 -12.51184775443637 0.0005595282730108483 0.9998099618045999 -0.019492769969697985 -0.12551880801559423 0.003218036952680896 0.019490877889458233 0.9998048183442004 -0.06418833636845969 
000149 000159 0.9999718910978322 -0.0045115007709550055 -0.005993462426106079 -12.541142748179235 0.004396807214876693 0.9998096576762896 -0.019016399056351715 -0.1511103184118799 0.006078113641865984 0.01898951452897089 0.9998011885510917 -0.09190515969268637 
000150 000160 0.9999001684478821 -0.008690054115619752 -0.011146847775988015 -12.568247573423871 0.008475589758484737 0.9997809279202841 -0.019142562342436227 -0.18787051304047303 0.011310760302023843 0.019046188090029944 0.9997546311768263 -0.13718273411316334 
000151 000161 0.9998409439939776 -0.013925982330071385 -0.01115015894429937 -12.581266480277332 0.01372828239619319 0.9997504980392183 -0.017619210674094048 -0.22655517660917848 0.011392721835220438 0.017463341883784542 0.9997824629211504 -0.14620810115443714 
000152 000162 0.9998006936272941 -0.019327432800340855 -0.004992428191329233 -12.575079743426645 0.019218850018108816 0.9995957343112292 -0.02095352729650813 -0.28538999680532817 0.005395388515717919 0.02085340856276797 0.9997680200056112 -0.057307339415955436 
