000000 000010 0.9999885358400717 0.0035051503704219443 -0.0032538535393516485 -9.39099484639106 -0.0034679104433972905 0.9999292729713468 0.01138051515295794 0.01530859549489956 0.0032935148097722666 -0.01136909900197127 0.9999298437247055 -0.13574865412180648 
000001 000011 0.9999383771822852 0.006199274330565859 -0.009208036282314936 -9.351793292784357 -0.006084190340753037 0.9999038707132203 0.012473923861387137 0.02196170969663651 0.009284482458391995 -0.012417132317763667 0.999879792037092 -0.14476618936440636 
000002 000012 0.9999130884164725 0.006909416062494831 -0.011237313060233409 -9.321411352233437 -0.006775101734257078 0.9999056555676806 0.011946902143362241 0.025281867603901928 0.011318801424155618 -0.011869732798341802 0.9998654778561852 -0.14586206423078418 
000003 000013 0.9999335019688061 0.008834245297202864 -0.007405297155724726 -9.25572001332396 -0.008758458452399325 0.9999097529750028 0.010204590452170117 0.011446318317317877 0.007494779153577162 -0.01013905919475596 0.999920518388693 -0.1381211913940544 
000004 000014 0.9999619585109042 0.008704942268855398 -0.0003864002680550674 -9.21957795474581 -0.008702161542630616 0.9999397603525869 0.006693139308837979 0.003937279357361552 0.00044464013469084084 -0.00668953415625696 0.9999775007110643 -0.11310429562995458 
000005 000015 0.9999655826024197 0.008006354018313355 0.0022038177033969655 -9.196103203788946 -0.008016093287824065 0.9999579345184881 0.0044467943729318915 0.014058152863257602 -0.002168119222789901 -0.004464307098716178 0.9999876186935307 -0.10055119526617803 
000006 000016 0.9999540798379147 0.009548706933278587 0.0007481741037981972 -9.14409184448858 -0.009550724004889776 0.9999505398104768 0.002746541299719481 0.0020618197455203532 -0.0007219125087851926 -0.0027535529363609547 0.9999958447966659 -0.09133112761682483 
000007 000017 0.9999500773648156 0.00982065795515615 -0.0018978664649221299 -9.120686288233602 -0.009815022683879432 0.9999474331316098 0.0029559871419032493 0.011224082915301248 0.001926797986987931 -0.0029372078199831364 0.9999937905693056 -0.08060162591412184 
000008 000018 0.9999470926292482 0.010112960525820341 -0.0018821687064401224 -9.092875673351971 -0.010110599006910937 0.9999480924692807 0.0012580889036372589 0.017370248099840245 0.0018947930506387298 -0.0012389900135630842 0.9999974546433122 -0.07164464202359888 
000009 000019 0.9999338554118952 0.011498020290045416 -4.032443695950431e-05 -9.047854611351646 -0.011498008910352216 0.9999338124063049 0.00021359525277136018 0.015350774386862446 4.2775878762553254e-05 -0.00021312990237483514 1.0000000401332283 -0.06669003639861792 
000010 000020 0.9999252282851092 0.012013256463155781 0.0022753643221647786 -9.018616980230002 -0.012013857027889922 0.9999277304889498 0.000255120964950845 0.022196434288999492 -0.002272136233176703 -0.0002824369249335694 0.9999973638344328 -0.07610374338636386 
000011 000021 0.9999259621607056 0.011887349397673112 0.0026106874546579567 -8.990405489149946 -0.011887271644551861 0.9999292310666577 -4.1280427660878835e-05 0.026069312019443274 -0.0026109925868003075 1.0233805801592288e-05 0.99999647468337 -0.09216694178728915 
000012 000022 0.999903124397609 0.013627168839630582 0.002816239566457749 -8.941290074025126 -0.013622114780927912 0.9999055217271099 -0.0018067443748897797 0.0159372078745212 -0.002840598556617693 0.001768207012158667 0.9999945199233914 -0.09894714705553634 
000013 000023 0.999900467716542 0.013806216663675727 0.0028785419089881626 -8.912280084638185 -0.013801733517563305 0.9999034719254402 -0.0015723808878724604 0.023092604497318658 -0.002899976172012129 0.0015324917486477364 0.9999946032043309 -0.10498668130382612 
000014 000024 0.99989607388529 0.014298567105240592 0.0018554407221201578 -8.883812868486887 -0.014294753034529284 0.9998957045820314 -0.002053011397758468 0.030817447462529252 -0.0018846046199637767 0.0020262803103017315 0.9999961830019023 -0.10584176006546532 
000015 000025 0.9998900466321734 0.014816929021346724 -0.0005496023622482382 -8.836206846761314 -0.014818273470766584 0.999886960220922 -0.0025355338670372727 0.014709063200237476 0.0005119706469027574 0.002543394298251308 0.9999966359578095 -0.11323452152716043 
000016 000026 0.9999007178292272 0.013498269555087684 -0.004025916179289178 -8.794825490424023 -0.013511387141666248 0.9999033570298242 -0.0032489588258132153 0.018399450047136494 0.003981673147933995 0.003303028639220907 0.9999866390842556 -0.12585682738866863 
000017 000027 0.9998873516378046 0.01313376922083046 -0.0072586833069051525 -8.745503538070029 -0.013145670220175916 0.9999122805568954 -0.001593637482021932 0.00986151298000832 0.007237117952358232 0.0016888676276635023 0.9999723452637477 -0.15134505682208818 
000018 000028 0.9998751552130727 0.012665171338293547 -0.00945381820993515 -8.692106747411811 -0.012666233804739944 0.999919788889442 -5.1318126470159756e-05 0.005513311918998461 0.009452414280026657 0.00017105050798444437 0.9999553095540898 -0.16283031442257573 
000019 000029 0.9999039952573715 0.010918889338662495 -0.0085330423791813 -8.61742777582628 -0.01091656499361185 0.9999402700504226 0.00031998893990816817 0.009902180859819178 0.008536031874180873 -0.0002267973428122618 0.9999634578164598 -0.14765192192008364 
000020 000030 0.9999294055606527 0.010568899883352332 -0.005446176982255172 -8.551017934142426 -0.010577485239806988 0.9999427565095803 -0.001548013178039819 0.0013030898784039818 0.005429505318701557 0.001605501361198731 0.9999840533133593 -0.11548545608988373 
000021 000031 0.999943299486554 0.010371014037005345 -0.002425373249003347 -8.459172811696858 -0.010376417791787674 0.9999436222861975 -0.0022225343611894746 -0.004735821094626738 0.0024021861414750853 0.0022475764942305695 0.9999946327117731 -0.09653588990004018 
000022 000032 0.9999553271148965 0.009337534652794929 -0.0014645882914005814 -8.37731056553888 -0.009340385230119172 0.9999545435305703 -0.0019590788769512776 -0.0005008903535553069 0.0014462309428164666 0.0019726720165994995 0.9999969289121369 -0.09166581105189044 
000023 000033 0.9999557178156692 0.009346070637280672 -0.0011286037051667457 -8.288099221126297 -0.009348606079538767 0.9999536803137058 -0.002261026097634666 -0.004969773240295738 0.0011074214415494883 0.002271484412833551 0.9999967199130021 -0.0871728968316601 
000024 000034 0.9999509874043607 0.009861658848037323 -0.0007858104165574211 -8.191055777073231 -0.009864068993030307 0.9999463802937133 -0.003126482162150626 -0.0014184926773586765 0.0007549359716910742 0.003134088841351292 0.9999948546913695 -0.08437164590326077 
000025 000035 0.9999481836145919 0.010170652541869475 -0.000526820832757506 -8.098807553078045 -0.010172356383661839 0.9999426833193015 -0.0033238747839138025 0.008380777732717726 0.000492983471687595 0.003329061117516355 0.9999944595789142 -0.08249976834238641 
000026 000036 0.9999299402552758 0.011838576836546303 0.00044516136663463337 -8.006206020189836 -0.011837006901500892 0.9999241401992595 -0.0034111516210441127 0.0071886874809863055 -0.00048551395830968174 0.0034056333634286447 0.9999941792441064 -0.09094804861266259 
000027 000037 0.9999209430320174 0.012532762677474569 0.0009237069743778117 -7.897635495208 -0.012529538577243784 0.9999156768715894 -0.0034071647403915713 0.018193497726332525 -0.0009663320577456406 0.0033953313079057366 0.9999937254846827 -0.10657944526924062 
000028 000038 0.9999070580559417 0.013602131852437721 0.0009338086376878835 -7.806031749988398 -0.013598540147500405 0.9999005066501313 -0.003749758813717001 0.020405886828381355 -0.0009847210947264292 0.003736714240002196 0.9999925179004356 -0.11609200938395994 
000029 000039 0.9998829316721171 0.015295323132767307 -0.0003152008295331781 -7.698805001177148 -0.015296632576034775 0.9998718070581282 -0.004734719258683415 0.017812042966299242 0.00024273910774156535 0.004738985601930485 0.9999888194181383 -0.124879895226636 
000030 000040 0.9998720207629256 0.015883610654061353 -0.0018653047884351942 -7.613673179680768 -0.015893984791931194 0.9998575665451195 -0.0056907060944837795 0.022108573888726675 0.0017746506961398623 0.005719632185893434 0.999982035537484 -0.11835761152780483 
000031 000041 0.9998499153691146 0.017119895704527478 -0.0026423951118000346 -7.514624659842578 -0.01713698551390746 0.9998316233773938 -0.006588621763639099 0.015871066401357534 0.0025291519917199513 0.0066329232683520626 0.9999748612866567 -0.11193822962675892 
000032 000042 0.9998291876633977 0.017981813732997665 -0.004262328916708897 -7.420955311104211 -0.01800971900269514 0.9998160319934564 -0.006603543310020702 0.013542598402991893 0.004142801863377765 0.006679181352262974 0.999969165796563 -0.11891411225759041 
000033 000043 0.9998313116353684 0.01708650636542301 -0.0067417050057749315 -7.319798554454564 -0.017143599608779914 0.9998169098631206 -0.00850480955996184 0.01504419260845194 0.006595154944889012 0.008618953434003592 0.9999410453137955 -0.12177774808075396 
000034 000044 0.9998438715737974 0.015716299570556737 -0.008081531678314895 -7.221717450726329 -0.015791417450816893 0.9998319446117817 -0.009316902272050596 -0.006875612180059342 0.007933747123409569 0.009443065543068622 0.9999241169664923 -0.11880476221783345 
000035 000045 0.9998954088582626 0.013082443662777306 -0.006136345101090571 -7.1151098598051306 -0.013165368213614012 0.999819888650405 -0.013675775676085565 -0.03411439586916014 0.005956326956438497 0.013755147108798263 0.9998874888853899 -0.10598901680623848 
000036 000046 0.9999597837460928 0.00872900189168075 -0.0020374756663381582 -7.0136303380597385 -0.008759362337445072 0.9998429958535182 -0.015403564852220008 -0.049529243458901 0.0019026990225447492 0.015420806156376147 0.999879195725973 -0.0784496093446751 
000037 000047 0.9999865015108108 0.004861232450586623 0.0019226974638184046 -6.908003168455773 -0.004827845539819055 0.9998437737400693 -0.017005046013590274 -0.07344648767928194 -0.002005062187402612 0.016995537684923342 0.9998536169987702 -0.05949500124991139 
000038 000048 0.9999961892021925 0.00016727819172759474 0.0027163392387414215 -6.800438395663329 -0.00012056032522663172 0.9998522027765377 -0.017187846712048177 -0.09769240541993202 -0.0027188174202823776 0.017187458276411733 0.9998485234522814 -0.06685282993154344 
000039 000049 0.999983223024179 -0.005786504771538546 0.0004943131142879198 -6.7192272728031455 0.0057951291383890715 0.9997883857897099 -0.019737922786209134 -0.1144251816166932 -0.00037999361741510506 0.019740459388217772 0.9998049863538416 -0.08395695564220365 
000040 000050 0.9999351558512749 -0.010828377173186318 -0.0035265133877362 -6.609463609968606 0.01074977783249987 0.9997091111814734 -0.02159051152946344 -0.13942197440044915 0.00375927991452068 0.021551212703958576 0.9997606319156339 -0.10980633766553355 
000041 000051 0.9998355798618517 -0.01726879665271696 -0.005540697765729162 -6.505365523232246 0.017130816654625423 0.9995638032500729 -0.02405236643026169 -0.1548415241083149 0.0059536389948993095 0.02395350019134581 0.9996953184670934 -0.11830597932899836 
000042 000052 0.9996887914021102 -0.024440943012130425 -0.004994083780269045 -6.397062572359719 0.024291033916965077 0.9993086787251452 -0.028145770932437773 -0.17501557056623743 0.005678540759229683 0.028015705065221 0.9995913269538942 -0.11674386285144756 
000043 000053 0.999511831442623 -0.030840343835585954 -0.004988829816568983 -6.268070833656868 0.030676850119123588 0.9990769422918349 -0.030068183299297252 -0.2010932830935444 0.0059115403677188144 0.02990047378295281 0.9995355673874493 -0.1266865637374321 
000044 000054 0.9992688193581937 -0.03776946256126925 -0.005941722004305829 -6.146462129758825 0.03755515390902278 0.9987565819322323 -0.03278461351914182 -0.2163690549970127 0.007172594084492404 0.03253751505427607 0.9994446081425595 -0.1328572250043632 
000045 000055 0.9990018560628957 -0.04401672254758539 -0.007614828648724043 -6.017016330292374 0.04374271143492561 0.9984967094488472 -0.03302791063794938 -0.2279566550972546 0.009057164704773085 0.03266185728831098 0.9994255572582472 -0.12641885795601365 
000046 000056 0.9987366591710674 -0.04900375512025508 -0.011120851009180671 -5.868608825797024 0.04860675918104261 0.9982550382820414 -0.03353057262404803 -0.24346419177631465 0.01274456841352987 0.032947669165875076 0.9993758149049182 -0.13041219235239473 
000047 000057 0.9984282012662653 -0.054621088258079965 -0.012549008876689497 -5.712918079162046 0.054110283727782926 0.9978129773083381 -0.03796219957493847 -0.2556483213232979 0.01459510636181985 0.03722349361870658 0.9992002754781456 -0.12726119697586827 
000048 000058 0.998197423825289 -0.059306401484052224 -0.009217210274612508 -5.549402385327978 0.05887962079013696 0.9974151160020617 -0.04118634422176888 -0.2688842836073409 0.011636003233715003 0.040569398305751375 0.9991090242675673 -0.10209544501107073 
000049 000059 0.9979577721720209 -0.06375289600474834 -0.003980456372770586 -5.340289327765694 0.06355159508850539 0.9972261027035174 -0.03874671404383491 -0.26862815398468703 0.006439630115805855 0.038414630404672655 0.9992410900395665 -0.08160639278117504 
000050 000060 0.9976644884369912 -0.06830550572487391 -0.00034770290575537156 -5.161001109424113 0.06824953522255206 0.9970287217372344 -0.03571831741387478 -0.2551408290023291 0.002786426545670949 0.03561116068570409 0.999361986927307 -0.07590595179709646 
000051 000061 0.9974236896053786 -0.0717301764069435 -0.0008991526310323971 -4.945486436530997 0.07167287793660745 0.9969954339582396 -0.029379001589261523 -0.24195676131461238 0.003003812224688773 0.029238865309557018 0.9995679577655466 -0.08103527437044084 
000052 000062 0.997257628081065 -0.07399138197619622 -0.0016058275784771171 -4.738460962605603 0.07392314698224742 0.9969124474041643 -0.026472162248625662 -0.23688495657006992 0.0035595851444988635 0.0262808747213595 0.9996481900877955 -0.08305124123529362 
000053 000063 0.9969899706449087 -0.0775291395690305 -0.0005212312070987572 -4.524469123364944 0.07748876593260211 0.9966474956941158 -0.0262556015983091 -0.2281832353014514 0.0025550559838498368 0.02613619473755169 0.9996549697788194 -0.083053621367552 
000054 000064 0.9968300926727313 -0.07955642824716923 0.0007051310209593519 -4.298261245731723 0.07954760935870667 0.996488125981833 -0.02614631842162724 -0.2225976766219064 0.0013774556043122388 0.026119549707351225 0.9996579175583603 -0.0794314768996314 
000055 000065 0.9966967832821215 -0.08121224416211532 0.0002879854514878905 -4.069730016546678 0.08119176411904724 0.9963523077120198 -0.026266652563684843 -0.2209401178906768 0.0018462431734198896 0.026203283784105292 0.9996548686446312 -0.07740154688354065 
000056 000066 0.9964920928118485 -0.08368553662297233 -0.0004093235099686341 -3.857199819981565 0.08365587347467077 0.9962475613463462 -0.022189481890858256 -0.19964949962506054 0.0022647325630335536 0.022077409730179024 0.999753635419848 -0.07444068230867593 
000057 000067 0.9962648083525106 -0.0863495771946831 0.00045823751139999913 -3.6280571517473006 0.08634527132549157 0.9961271228085291 -0.01659074289980295 -0.18874801236007674 0.0009761280717789043 0.016568351423990837 0.9998623599795011 -0.06710731215586777 
000058 000068 0.9958916010757123 -0.09054270853282816 0.0014359780812609735 -3.4313178870882473 0.09055325758632038 0.9958243985597487 -0.011566958526885412 -0.17868957496237728 -0.00038267546189808734 0.011649484570896644 0.9999319587178465 -0.0571974659179921 
000059 000069 0.9953626929404542 -0.09617270746347231 0.0019847527637511693 -3.2646906275338723 0.09618780081139329 0.9953128825740779 -0.010021712473866393 -0.17093710697225764 -0.0010116367300933872 0.010166151869503445 0.9999478431713623 -0.04043466621015278 
000060 000070 0.9946426371951821 -0.1033293824937679 0.0029788348524984135 -3.09742684554382 0.10335545358973065 0.9945874950160158 -0.010634499066190019 -0.17971957277186143 -0.0018638602109513661 0.010885421093428951 0.9999389333545804 -0.03492758638944145 
000061 000071 0.9936660293676518 -0.11224227271577374 0.005418239161116064 -2.9700181229230926 0.11230417686435963 0.9935898247845691 -0.012921078616048983 -0.18311442485343388 -0.003933214710368997 0.01344772050234188 0.9999017929821603 -0.028016705360660504 
000062 000072 0.9925982409186473 -0.12124693709023812 0.006917154023659175 -2.84238864098599 0.12131845480826932 0.9925518468529545 -0.011074045125656289 -0.17926749924729887 -0.00552294349795696 0.011831249626549436 0.9999148399157824 -0.02529963013552388 
000063 000073 0.9914154887180765 -0.13051270837629306 0.007868489984970818 -2.731004622128451 0.1305741876846057 0.9914071687174129 -0.007885074281984128 -0.17282427706081774 -0.006771778872526024 0.008844802431484368 0.9999379884761322 -0.026939818208271307 
000064 000074 0.9899325859854853 -0.1414164414082142 0.005902772076573081 -2.663686189632926 0.14142579712952383 0.9899481211039443 -0.0011957033906567804 -0.16388196692689372 -0.0056743497511064335 0.002018461967552498 0.9999818776261922 -0.02697151190832582 
000065 000075 0.988245607847969 -0.15278055539993085 0.005339961624017158 -2.608416365775672 0.15276982887546406 0.9882589827624952 0.002362945867139214 -0.15625369376358947 -0.005638285626162553 -0.0015193854781185593 0.9999830267389826 -0.028943455509586227 
000066 000076 0.9862743661101153 -0.16497847416984873 0.006709632722359089 -2.5750196669180867 0.16497985996561262 0.9862968759477854 0.000347765422489165 -0.16934833979862365 -0.006675077683174431 0.000763964647591023 0.9999776395488745 -0.018752236433368118 
000067 000077 0.9839957415618363 -0.17807026918088337 0.006591943135722033 -2.565734917470741 0.17808619114953514 0.9840131494458495 -0.0018987558810839276 -0.17367077078051418 -0.006148445220938927 0.0030423081334483354 0.9999765563477062 -0.014348730917803254 
000068 000078 0.9815935972670287 -0.1909533024543836 0.0032917545293182442 -2.5468886640003534 0.19096867123364347 0.9815820337743747 -0.005263090326385476 -0.1820776219032786 -0.0022261327761705714 0.005794847442816803 0.9999808030754005 -0.02006428763888223 
000069 000079 0.9789574533655382 -0.20406200932951796 -0.0009599095357872908 -2.5390175458710624 0.20404842803437268 0.9789288525541128 -0.007897986848442888 -0.19640522109739167 0.0025513661507540735 0.007535919357042666 0.9999683256086715 -0.02404515202742916 
000070 000080 0.9761158448801774 -0.21722611168535974 -0.003282717568957814 -2.551873811068856 0.2171907303136528 0.9760896440944015 -0.008792335781044842 -0.21214132062190202 0.005114156994244705 0.007869364064079065 0.9999560671177268 -0.031175632688414133 
000071 000081 0.9729801047068823 -0.23084870527580653 -0.004332664648384913 -2.538836753231529 0.23080608175333034 0.9729619697596562 -0.008571433064467992 -0.21638442118745285 0.006194208658665149 0.007339853029842167 0.999953785946054 -0.03116244529864849 
000072 000082 0.9692666406251195 -0.24596476330034064 -0.0048478630322423616 -2.5529797216826298 0.24593039074493903 0.9692640114395938 -0.006745174663847614 -0.22107827020272178 0.006357940727973343 0.005345619490714881 0.9999655146382584 -0.032210372677937776 
000073 000083 0.9648470298836155 -0.2627727628742817 -0.004553133856037389 -2.5743110649606917 0.2627521684291221 0.9648520353767807 -0.0046471417364203 -0.24002046073054667 0.005614243561624197 0.003287429106291791 0.9999788831733473 -0.030950797519014125 
000074 000084 0.9599004511665344 -0.2803372299735241 -0.001470437135214178 -2.5799811008389866 0.2803346288191124 0.9599006543419623 -0.001783345978876389 -0.2578145777173399 0.0019114105850461683 0.001299615905537067 0.9999972567639861 -0.022389457708863306 
000075 000085 0.95432317437348 -0.298776427935954 3.337804422982838e-05 -2.6155604097279106 0.29877567748212314 0.9543208139724423 -0.0022454575330514205 -0.27893061304931965 0.000639034903917401 0.002152872670322593 0.9999974638204971 -0.011185430520026709 
000076 000086 0.948311756559158 -0.3173402246868835 0.00017401750246340064 -2.6396462704512755 0.3173401593981154 0.9483103995085276 -0.00161920967409092 -0.29560456002043034 0.0003488248816584415 0.0015907464362381071 0.9999986084924475 -0.0047201602534182666 
000077 000087 0.9417748137685724 -0.33623887077050457 0.0019728352018522043 -2.673676556150989 0.3362444532925583 0.9417630475909948 -0.004682165770435386 -0.3077917844225258 -0.00028362388401818655 0.005072903942501334 0.9999871586411267 -0.009530049301362068 
000078 000088 0.9348612367144822 -0.3550083143740538 0.001865591694654655 -2.742151007268128 0.3550125464460293 0.934836609883317 -0.006833580895943693 -0.34933051741029286 0.0006819621359590787 0.007050739715333673 0.9999750117837871 -0.007203397378333249 
000079 000089 0.9277952289071021 -0.3730876632050091 0.001257490900571235 -2.788103752307802 0.37308298386816197 0.927753535000375 -0.009069056640652065 -0.36782603107141604 0.0022168948657961913 0.008883368529982887 0.9999580501497085 -0.004955840549561549 
000080 000090 0.9201319387305861 -0.39160694542489555 0.0010449955443755116 -2.8620320823887235 0.3916009345109466 0.9200951313723775 -0.008582714473419007 -0.3872930140763361 0.0023995432194571856 0.008306462528027598 0.9999624548574629 -0.005210340898043444 
000081 000091 0.9116003694219581 -0.41107732704599714 -0.00042175056096783824 -2.9796788940951964 0.41106510381976147 0.9115801994224589 -0.006859874802010381 -0.4320332907347263 0.003204400057237463 0.006080089371832637 0.9999765186943703 -0.016329809272550955 
000082 000092 0.9032692895401664 -0.4290729099804521 -0.0010026813395931416 -3.065604943001309 0.4290524622476671 0.9032448908678266 -0.007920794836979736 -0.4588146553768016 0.004304252768375981 0.006724427306839794 0.9999681447925923 -0.01843016280058894 
000083 000093 0.8950789673182155 -0.4459054039059846 -0.0013579952661122395 -3.1840628208972133 0.4458650200400037 0.8950318463801389 -0.011061280982691808 -0.502594371191042 0.006147735922304951 0.009295229964369009 0.999937920352354 -0.013887007935791725 
000084 000094 0.8867159707780684 -0.46231254384660797 -0.0013644141111014126 -3.2960778303679517 0.4622535512809981 0.8866433822905051 -0.013599337848224442 -0.5478883923585831 0.007496891413963614 0.011428051068177594 0.9999066373660975 -0.013616421408683278 
000085 000095 0.8786772414870204 -0.4773898064248719 -0.005016108925321852 -3.4241342916547124 0.4772917345886294 0.8786395771349761 -0.013610997346660957 -0.5804454713996818 0.010905113425036608 0.009565532914002948 0.9998947457644797 -0.023217592420361477 
000086 000096 0.8716495388556922 -0.49003503217827843 -0.009642625269851967 -3.582200967230624 0.48987705513602864 0.8716631132394098 -0.014956012891552519 -0.6431772000968328 0.015734086064213566 0.00831269652127235 0.9998416113587199 -0.037246037707848414 
000087 000097 0.8657310495848772 -0.5002740731847539 -0.015345809572010571 -3.7100774894307005 0.5000377849935999 0.865839438829866 -0.016859920977577908 -0.6768450934386219 0.021721595036655265 0.006922682575406051 0.9997399242975725 -0.055103830838062806 
000088 000098 0.8613253510360168 -0.507659736252161 -0.020004087687681846 -3.8441720649143565 0.5073640006646459 0.861540094722631 -0.018181667224454596 -0.7052517674466635 0.02646442587045443 0.00551099230679302 0.9996344887458893 -0.054558877708715536 
000089 000099 0.8582444152075998 -0.5128225684944273 -0.02072658291932999 -3.9968844340263314 0.5125819056240969 0.8584890392130166 -0.016018025092670068 -0.747580435376453 0.026007967320582758 0.003123327595117772 0.9996568302925374 -0.03777497355866237 
000090 000100 0.8576835515264399 -0.5136885805293404 -0.02242773179111498 -4.1377568698519 0.5136659939684161 0.8579600214724431 -0.007200830708969819 -0.7499698364273032 0.022941095935525357 -0.005344338748701012 0.999722648926479 -0.04610448461388972 
000091 000101 0.8605136267435257 -0.5089139621285232 -0.022867676263960926 -4.254358355732645 0.5091074869377943 0.8606970302364353 0.0032023649145503648 -0.7273177709341689 0.018052402454912644 -0.014397779703361186 0.9997332878876692 -0.03695183650801362 
000092 000102 0.8649864247042192 -0.5013172496398237 -0.021899959390282515 -4.415233461738203 0.501596261299313 0.8650485258621853 0.009599242193602848 -0.7317516747372902 0.014132263839391118 -0.01928815757506721 0.9997140757306111 -0.04327018946852944 
000093 000103 0.8725150436093899 -0.4882078507262502 -0.019252428803638474 -4.538644956990154 0.48846525383260925 0.8725004265073144 0.012037419032963338 -0.7064448830411105 0.010920972667681389 -0.019906964597222215 0.9997421572077575 -0.006083566229958162 
000094 000104 0.8833617220496723 -0.4683549731889456 -0.01776506700661031 -4.671669644875226 0.4686324252066398 0.8832184988500458 0.017575546363293722 -0.6878536405727069 0.007458846891340845 -0.023850867678324103 0.9996878078172077 -0.006447973941554393 
000095 000105 0.8957479337036919 -0.4441989703408187 -0.017970695331468944 -4.818615923752764 0.44453037527522915 0.8954356709976423 0.02423638564275974 -0.6325316534154914 0.005325825768622251 -0.029698223829109482 0.9995447395689672 -0.011309182109150589 
000096 000106 0.908987869590677 -0.4164632537220605 -0.0172975833954094 -4.9493729883504365 0.4168134884877784 0.9084562794581205 0.03120803046137083 -0.5649828056458913 0.0027170886712701687 -0.03557759894547587 0.999363272668998 -0.01059962322887796 
000097 000107 0.9228568844889776 -0.38483288500508894 -0.015453712220837329 -5.10868753468072 0.38514205469376844 0.922020134030628 0.03930100271753492 -0.49633678602965037 -0.0008756847411120527 -0.04222109278927365 0.9991080241182626 -0.007284866812550125 
000098 000108 0.9366930832518301 -0.349887178347336 -0.013608667328683639 -5.250476008170882 0.3501335730265496 0.9355408742990257 0.046581676851555294 -0.4241932248539744 -0.00356687087671677 -0.04839758988231349 0.9988217282106495 -0.003985476719151226 
000099 000109 0.9498563701250693 -0.3123295774149406 -0.01493916889105504 -5.38830053214845 0.3126853222864646 0.9486323149030178 0.04821323101961133 -0.3447563890967464 -0.0008866559416410743 -0.05046692332960578 0.9987253661919611 -0.020835625119155578 
000100 000110 0.9609744012606615 -0.27643472163330113 -0.010586590367380647 -5.52559701621252 0.2766341983721864 0.9600776008461961 0.041528454128695276 -0.31020901176490184 -0.001315968005381563 -0.04283640103972286 0.9990811961481197 0.0074535925223988275 
000101 000111 0.9705388773212912 -0.24093475099221398 -0.0020863346369015975 -5.643652052423518 0.24085433362038342 0.9699069046063121 0.035629451810256854 -0.26613695405461024 -0.006560804869816035 -0.03508229517611461 0.9993630017822145 0.015960913149145023 
000102 000112 0.9787416892654981 -0.20508236586788983 0.0023831989456974414 -5.749180461231746 0.20490466372158594 0.9782636354349961 0.0318505972211242 -0.21428205699211875 -0.008863396847148146 -0.03068518980784118 0.9994897815908378 0.02473261019324212 
000103 000113 0.9852392260524787 -0.17118306538208491 -0.00029207012721102753 -5.883915685399139 0.17111062082555115 0.9847699556746533 0.0308095534492657 -0.17786626017799365 -0.004986445623802172 -0.030404763957469425 0.9995252068714701 0.0025771090069624247 
000104 000114 0.9898976889772799 -0.14175013461050096 -0.0030895888926494117 -6.004575623815583 0.14178373018377755 0.9896466888041581 0.022290278582586108 -0.15083799396773462 -0.00010205698843579814 -0.022503155185364415 0.9997467682361483 -0.002881738841012324 
000105 000115 0.9934388776716725 -0.1141144352837811 -0.0075508481753553645 -6.113859542807015 0.11421330255350415 0.9933533309480104 0.014303800429811823 -0.12371800153488653 0.0058683865588753815 -0.015072361822997326 0.9998691483298641 -0.03835532382573523 
000106 000116 0.9958431725156579 -0.09036379593599908 -0.011435927089555176 -6.238544096311962 0.09048217368232704 0.9958447378814486 0.010293371922291517 -0.09808012220544951 0.010458276246489276 -0.01128534147925935 0.9998816745069691 -0.07513290926124039 
000107 000117 0.9974274378914995 -0.0705670213849975 -0.012600695426521579 -6.348408080081314 0.07067970987895607 0.9974607251192942 0.008732833444764042 -0.0738537564478318 0.011952455338826875 -0.0096009814627327 0.9998823993357016 -0.09235412985816305 
000108 000118 0.998453411967169 -0.05424568934546826 -0.012167864760459512 -6.469428343431618 0.05438285063694522 0.9984568656851227 0.01123993321652501 -0.050178291565494595 0.011539362968098935 -0.011884276345482994 0.999862797020541 -0.08717326036464373 
000109 000119 0.9991753875151524 -0.04031024854901932 -0.004859511237610575 -6.561703831081281 0.04036470990508194 0.9991168051046257 0.011687236844531648 -0.02612651853069079 0.004384101497649499 -0.011873751755100675 0.9999198935402637 -0.023601992198910765 
000110 000120 0.9996492410581727 -0.026368765284863642 0.0024961318633328856 -6.664199199422138 0.026338045952531104 0.9995854282872265 0.011630833382664355 -0.005200544393813372 -0.0028018070228626075 -0.01156101261710486 0.9999292590146612 0.022940397559149853 
000111 000121 0.999886620225741 -0.015027720197733229 0.0011263365136039698 -6.772939549694858 0.015019319315058977 0.9998618365113423 0.007129643193150127 0.006905321997510067 -0.0012333241932132649 -0.007111910790623906 0.9999739687867202 0.04067115453801699 
000112 000122 0.9999737933535685 -0.005545865073824956 -0.00465503209888213 -6.881143521422902 0.005567788566133757 0.9999733830189155 0.004712526686109022 0.011587498576143385 0.004628784536765963 -0.0047383263933264775 0.9999781237386887 0.011798517165202846 
000113 000123 0.9999421609342938 0.0016503320308449104 -0.01062267789358671 -6.991301385554874 -0.001596954985133258 0.9999859393693136 0.005032071769918938 0.025365115585144885 0.01063083202773199 -0.005014808653143097 0.9999309373985208 -0.0419677821318549 
000114 000124 0.9999173385654955 0.007816219156605719 -0.010204926749043894 -7.067015966845994 -0.007760395304357443 0.9999546812287348 0.005498166934654857 0.0373849679842283 0.010247447258143834 -0.005418518341503124 0.9999328378380865 -0.04194917813935792 
000115 000125 0.9999116795885046 0.01318123881907977 0.0016801275870717816 -7.131011037524184 -0.013203926223952089 0.9998106591546388 0.014297436351484694 0.06504822660398142 -0.001491341628816374 -0.014318364595122316 0.9998963281026674 -0.011922553971029468 
000116 000126 0.9997570196841266 0.01777199833116134 0.013048621219166504 -7.178176343693089 -0.017975672467984257 0.999715837420123 0.015661723633206892 0.07572130192217616 -0.01276658406842053 -0.015892479407368782 0.9997921651348965 0.01977713469617365 
000117 000127 0.9996523508879869 0.020609626022494353 0.0164483486249813 -7.228698595331161 -0.020734077885911247 0.9997574143648104 0.007432045412738907 0.06686726325074131 -0.016291200556563773 -0.007770507748095763 0.9998370354514524 0.025282072863408993 
000118 000128 0.9996255435561187 0.02474157776872024 0.011693182353142246 -7.273702284978801 -0.02472428914737745 0.9996929118133744 -0.0016196859286272366 0.05242109343663229 -0.011729663210692805 0.0013299742845855576 0.999930297162974 0.009156450608197274 
000119 000129 0.9995995792421838 0.02829743744322629 0.0002917880922554763 -7.316971337256102 -0.02829818766780789 0.9995946118678951 0.0030701124040767545 0.0696929607775523 -0.00020479379450729244 -0.0030771502386324418 0.9999952748743004 -0.05039334735431858 
000120 000130 0.9995468583324829 0.029310761601362718 -0.006848457285625248 -7.36111803560934 -0.029256737744195637 0.9995411363328754 0.007860128160091743 0.0795187976498205 0.007075720311672846 -0.007656208299093009 0.9999456341762016 -0.04729201883746603 
000121 000131 0.9995296572735779 0.03042299291335673 -0.0038392060326474455 -7.357610579903733 -0.030396562479182435 0.9995149250016564 0.0067637962563108075 0.0792251445244192 0.00404310953117535 -0.006643927057835752 0.9999697366727778 -0.038237558739017824 
000122 000132 0.9994857994718757 0.031967479093058755 0.0025114248188530404 -7.379222341965342 -0.03197563349312936 0.999483222786483 0.0032813527045240645 0.07703494687869765 -0.0024052445978114977 -0.003359966313713608 0.9999914041212994 -0.01343202901069828 
000123 000133 0.999438804465985 0.032613797254691726 0.007641082865146016 -7.381615872870523 -0.03262835602857434 0.9994660792042697 0.0017892456892928195 0.08024931371815694 -0.007578638423402499 -0.002037569896144562 0.999969213744987 -0.015796220649096734 
000124 000134 0.9994010672945156 0.03384137388472956 0.007241593396457256 -7.368909783885845 -0.033903078935575176 0.9993883079618116 0.008575751488271098 0.09224832197514181 -0.006946947938848893 -0.008816126479316596 0.999937057448573 -0.047291476001514565 
000125 000135 0.9994169053522868 0.034086114621743914 0.001985334785208326 -7.386446580322618 -0.03409818629620934 0.9993981035581057 0.006396336432724037 0.0935693104747265 -0.0017661302856963083 -0.006460307993668191 0.999977522568873 -0.054409018157142545 
000126 000136 0.9994265743188796 0.03374969828782823 -0.0027008804857496208 -7.398036468232986 -0.03373230339355869 0.9994113858533779 0.006245574711973616 0.09698424332427719 0.0029100793316502657 -0.006150885091807388 0.9999769192337904 -0.04950129201152857 
000127 000137 0.9994005200629321 0.03444848678916649 -0.003441481276245684 -7.408812103255803 -0.034400778215614464 0.9993226549327288 0.013072927052572673 0.10037097573436565 0.0038894887127595497 -0.012946703073371509 0.9999086766768304 -0.05095609474260639 
000128 000138 0.9994210004629117 0.03399727360534002 -0.0012460659607446956 -7.412709020397424 -0.03396743455097074 0.9992417426283625 0.01903343012689273 0.11269817975863397 0.001892223629452162 -0.01898009253291904 0.9998180538245762 -0.06485443758507509 
000129 000139 0.9994573646287493 0.03289352905452874 0.001668292579718321 -7.4192768745977675 -0.03291772412762281 0.9993047960575938 0.017507918246279123 0.11425019968785398 -0.0010912315389546825 -0.017553344753804375 0.9998452943434442 -0.06849714463157916 
000130 000140 0.9994480700449643 0.033204311772897975 0.0010664926688372259 -7.420042283238534 -0.03321363755248337 0.9993938551957838 0.01042947564881391 0.10291705369775514 -0.0007195439918238527 -0.010459143349611158 0.9999449195523425 -0.06253423845075885 
000131 000141 0.9994464190068415 0.033220752566128456 -0.0018788168639720247 -7.443608222824051 -0.03320518191945758 0.9994184247793484 0.007784899800885217 0.09667184145731827 0.0021363414021937557 -0.007718181889857143 0.9999679697552482 -0.04138125477258661 
000132 000142 0.999492370118763 0.03173671893806149 -0.0028246681451332264 -7.448745790996009 -0.03169738508714171 0.999412641750175 0.013023953995291047 0.10322195562991467 0.003236351131368166 -0.012927816442544954 0.9999112744998327 -0.054353129888576185 
000133 000143 0.9995032320174658 0.031428235432062655 -0.002335299486753841 -7.456499703631507 -0.031397217278224775 0.9994312124254335 0.012305529336332827 0.09558534414848609 0.0027207044173911746 -0.012226093760670565 0.9999216412787393 -0.049868753510524166 
000134 000144 0.999570604755968 0.029300595057131902 0.00024237697626598552 -7.481739823719094 -0.029301560279593197 0.9995455699515755 0.0070898271062728585 0.08725030524110819 -3.4518886621392004e-05 -0.00709388919640932 0.9999746000314897 -0.03999697552311067 
000135 000145 0.9995364615906442 0.030438185459699278 0.0005366941672624717 -7.493789123185201 -0.030437656415515938 0.9995361307789004 -0.0009634804220879004 0.061320340158350514 -0.0005657593649004104 0.0009467011499139277 0.9999995068633211 -0.0413557863456281 
000136 000146 0.9995442204542331 0.030171969839700895 0.0009755907137639245 -7.514957301934348 -0.030165490081391414 0.9995263244767388 -0.0060876576280371915 0.06215728424281684 -0.001158797114262503 0.006055448989091893 0.9999809198737418 -0.02066661118791714 
000137 000147 0.9995378757612012 0.030115488973715614 0.004120081856550453 -7.525249550397521 -0.030087614884585907 0.9995250378825596 -0.006664390056939164 0.0629151353735479 -0.004318818181781003 0.006537341136161888 0.9999693460949831 0.004317457138829819 
000138 000148 0.9995146267084396 0.03026942461409251 0.007387851415274331 -7.556650531344572 -0.030210479719533213 0.9995118468148058 -0.00796305141924269 0.06062147595795364 -0.0076252861386814415 0.007736000507011978 0.99994107644022 0.008168341960620454 
000139 000149 0.9994805067215815 0.030544306505705564 0.01028745978733091 -7.578516098141816 -0.030370565778710185 0.9994001360393223 -0.01664061216250259 0.046643995201467316 -0.010789578084839383 0.01631954268892967 0.999808644688214 0.03296979123820562 
000140 000150 0.9995117539080992 0.029753251546978804 0.009538424343434876 -7.610122807451828 -0.029565668765323898 0.9993776212954445 -0.019239240407601572 0.04604248614694556 -0.010104925925745904 0.018947848996467686 0.9997694678069999 0.02006356304466205 
000141 000151 0.9995052507919774 0.030320593404295368 0.008339816594801711 -7.652668359677617 -0.030208279320256482 0.9994554011650544 -0.013277689252507665 0.04943954017504037 -0.008737850802520536 0.013019188669496305 0.9998771048234514 0.006220388845665323 
000142 000152 0.9994548864760302 0.03175710485028175 0.00900662221481756 -7.684385688944303 -0.031618619514253814 0.9993855966666768 -0.015121519850045284 0.05285317353676424 -0.009481298740876462 0.014828508486020233 0.9998450522963371 0.004411041283141674 
000143 000153 0.9994291282459494 0.032267357681659226 0.010017565151319041 -7.7182069798168875 -0.032085853329916335 0.9993269005262054 -0.017778739705915068 0.057656495270610945 -0.010584479078392007 0.01744716950823015 0.9997917624717261 0.006877977038854462 
000144 000154 0.999332743724281 0.035499501534317086 0.008602428339086823 -7.763309198366439 -0.03534933146669484 0.999230040402479 -0.01702025609822292 0.0547827305284765 -0.009200022269269888 0.016704814507548973 0.999818318418697 -0.005182552794442623 
000145 000155 0.9993341107502834 0.035643328420937495 0.007817831491862114 -7.793391529605579 -0.03554406233599397 0.9992900689967484 -0.012487531825921983 0.07942579987512757 -0.008257380259161676 0.012201344295014918 0.9998914313003383 -0.03253963785993364 
000146 000156 0.999238358211041 0.037660932106100484 0.010219146086607338 -7.838012319569073 -0.037512364861754396 0.9991929985866262 -0.014361190932892889 0.08310635021791288 -0.010751762844726422 0.013966913754964512 0.9998446587283434 0.005134147969339135 
000147 000157 0.9990539083532146 0.04124026855604824 0.013800911697264221 -7.875588593115024 -0.04100818889563924 0.9990192161921437 -0.01669782545730905 0.09597607243478792 -0.014476013203027355 0.01611608723083 0.9997654264787129 0.05643487740383453 
000148 000158 0.9988403043679253 0.04501555876739928 0.01708225064253067 -7.916219097612439 -0.044727700654282276 0.9988567415322156 -0.016875740383037945 0.11871046618456907 -0.01782237592531456 0.01609212180267302 0.9997115632369442 0.08922756815976049 
000149 000159 0.9986589863485098 0.04882841959304069 0.017208935414220763 -7.954581878507443 -0.0485522514720924 0.9986904917828006 -0.016117939630454468 0.13927458014235783 -0.017973464359256786 0.015260796192272105 0.99972192774109 0.09185442543324468 
000150 000160 0.9983966097448636 0.05398954567779486 0.01700993584664047 -8.005730950226498 -0.05375270360512952 0.9984549184053899 -0.014086577196985138 0.1546894698691005 -0.017744173481688698 0.013149657693496302 0.9997560956396381 0.057076175564898066 
000151 000161 0.9982108636040831 0.058012971079518486 0.014477516736785887 -8.035433580759348 -0.057776601973069025 0.9981972660643799 -0.016243660001247134 0.170545769850113 -0.01539378669767999 0.015378125874364984 0.9997631816625159 0.02954777516387988 
000152 000162 0.9980667151561159 0.06133514528102089 0.010046983679265428 -8.065660699157505 -0.06117210778900915 0.9980022426978353 -0.015800552293049934 0.1803137586260964 -0.010996048165956965 0.015155415873217015 0.9998246310116403 0.0012491079737541738 
