000000 000010 0.9998077732779628 0.014573991589326754 0.013120423107357379 -5.705699077066742 -0.014663013866588184 0.9998699405876068 0.006714692515674488 0.01757222205450839 -0.013020858406211084 -0.00690578896621314 0.9998914227615836 -0.027334932490308425 
000001 000011 0.999773502962487 0.014195456099312161 0.015854478672656824 -5.751614612007054 -0.014243503103436424 0.9998943893126413 0.0029216544180684467 0.008385040286257162 -0.015811321627609738 -0.003146815820865248 0.9998700658134185 -0.005852424135194649 
000002 000012 0.9997927651767654 0.014263762599568937 0.014518001160643225 -5.819611648644568 -0.01427034661080253 0.9998982364928926 0.0003500069902972076 0.0005159312483241571 -0.01451153805907612 -0.0005571120953774426 0.9998945277594911 -0.004447854173865895 
000003 000013 0.9998795114216383 0.013831858009114815 0.0070531803915832095 -5.903928654617292 -0.013817562799260137 0.9999024033874154 -0.002072866016904749 -0.003836859421440247 -0.007081172166338763 0.0019751595120676636 0.9999728945043932 -0.03897599724082459 
000004 000014 0.9999116696971126 0.012338492747330983 -0.004935355359273477 -6.021577153549108 -0.012355628847092886 0.9999177551066858 -0.003456013348451126 -0.009092987761543265 0.004892309348427407 0.003516691112040973 0.9999818979071854 -0.10186009388279832 
000005 000015 0.9998323712310266 0.011998153207403491 -0.013830516406800504 -6.127839245053106 -0.012097788460105815 0.9999013477932343 -0.007142751280813488 -0.02077642067654445 0.01374345513988433 0.007308872182747435 0.9998789433669795 -0.15185503084763927 
000006 000016 0.9998345962326999 0.011605552223763577 -0.01401009450587557 -6.24185352871176 -0.011735913065929776 0.9998882057582702 -0.009258306011074033 -0.02708673733700864 0.013901081831990939 0.009421195818137409 0.9998590451280798 -0.15679776818454472 
000007 000017 0.9999213622256551 0.010710368323027193 -0.006510594846713416 -6.351801867804023 -0.01079803982448646 0.9998493100625625 -0.013583695033548381 -0.03288042611381951 0.006364132360502556 0.013652930820425735 0.9998866676531433 -0.10392943671118657 
000008 000018 0.9999420219959236 0.01074355758938775 -0.0008215957846208549 -6.480429685124233 -0.01075412966803161 0.9998415648555476 -0.014190522560106208 -0.03483317927908557 0.0006690086190750045 0.01419853868654959 0.9998989200374867 -0.044499368926245064 
000009 000019 0.9999312828584158 0.010725727511921596 -0.00475395135555869 -6.618842576502702 -0.01078219567123351 0.9998696483736782 -0.012016288519910096 -0.03236664205638016 0.004624448196627933 0.012066723689942466 0.9999163541310117 -0.03511228093175499 
000010 000020 0.9997981227579567 0.01006164420966845 -0.01739560916994445 -6.785543730521334 -0.010205969832796955 0.9999140616639902 -0.008227811703020204 -0.03320072975318973 0.017311333118752676 0.008403688593431002 0.9998148208728357 -0.09327453707423976 
000011 000021 0.9995508738355144 0.008705490873191227 -0.02867665685106348 -6.950189410094456 -0.008856490582889665 0.9999474793403627 -0.0051426257282262315 -0.02090078555154948 0.028630382305427804 0.005394289058082804 0.9995755361953685 -0.14080286095088548 
000012 000022 0.9994560133512432 0.009063835459590134 -0.03171043193188956 -7.119742240077205 -0.009145654808499293 0.999955173988584 -0.0024358016092291433 -0.02781762868036878 0.031686946430660536 0.0027244880702197894 0.9994941200328454 -0.15511692619385542 
000013 000023 0.999670309298851 0.007651360159904728 -0.024507250154817632 -7.276657380291973 -0.007623433251199687 0.9999701952287618 0.0012323770302120013 -0.024992859450457795 0.024515952675570968 -0.0010451414162951501 0.99969892321 -0.1432058775062577 
000014 000024 0.999914242252243 0.006173395141183234 -0.01154544530062549 -7.432622926547891 -0.006155324008965408 0.9999797644281185 0.001599167320630771 -0.023650763083491594 0.011555086501182006 -0.0015279670525841199 0.9999321256342627 -0.11106945268726778 
000015 000025 0.9999869823699195 0.004944503069127062 -0.0011647595851393476 -7.595451090867597 -0.004944015916592008 0.9999876668726907 0.00041404744898373264 -0.034937852677793715 0.0011667931036056182 -0.0004082832258775039 0.9999991351689471 -0.052626616272617256 
000016 000026 0.9999895385139221 0.0022602047260054507 0.003949795852160228 -7.772036629105935 -0.0022744415714090454 0.9999909927800306 0.003605966247124608 -0.03117182131357364 -0.003941609338892395 -0.0036149121447423467 0.999985664484254 -0.003622481019453219 
000017 000027 0.9999947191037296 0.001721392733801442 0.00276452152693516 -7.947938128893675 -0.0017477904907759602 0.9999526543856648 0.009574106870242934 -0.03517140432505177 -0.002747911204128545 -0.009578891383826177 0.9999501689520226 0.037112483676318364 
000018 000028 0.9999969093876547 -0.001532076593884696 0.0019204926918273365 -8.122536918946645 0.0015165734582402448 0.9999662706685631 0.00804763551913894 -0.02940323320686246 -0.0019327637630021256 -0.008044701690565493 0.9999658366607534 0.06308325040266438 
000019 000029 0.9999894049350287 -0.0016998245944368263 0.004269869547004411 -8.302016111286129 0.001678331095207575 0.9999860337924028 0.005034476044482373 -0.039374534763191235 -0.004278361431469043 -0.0050272580344383234 0.9999782805331029 0.07045605826427327 
000020 000030 0.999914389195529 -0.0026994769895999555 0.012811015225681425 -8.457512145414286 0.0026470135344624467 0.9999880696346044 0.0041105955634036274 -0.03743290348631456 -0.01282196987424018 -0.00407632974231976 0.9999094882514155 0.06270968889277329 
000021 000031 0.9997643083865974 -0.003462931682966548 0.02143266597412115 -8.611790054932772 0.0034225537914749312 0.9999922915552283 0.0019204043582411866 -0.04053683108709376 -0.021439149593022937 -0.0018465964892958337 0.9997683758157018 0.05911049801109179 
000022 000032 0.9996546881524719 -0.0037697849582701095 0.026005030672386305 -8.772691613772999 0.0038308340653949815 0.9999900870176854 -0.002297708452275136 -0.04542513234071012 -0.025996117577410546 0.002396538253332132 0.9996591048389013 0.06128445902985866 
000023 000033 0.9996409607319987 -0.00467890000908937 0.026385116962520955 -8.923682704246856 0.004886605502834004 0.9999576886861848 -0.007812908796217459 -0.04665366385965122 -0.026347446842808563 0.007939038265377804 0.9996213475456901 0.0499732615265331 
000024 000034 0.9997190939685604 -0.0030277359753044996 0.023508081142597698 -9.06843109583159 0.003252564849221937 0.9999494471871389 -0.009531455014095516 -0.060613601797241956 -0.023478037623951536 0.009605244039872604 0.9996781781223486 0.025265502345831154 
000025 000035 0.9997885341842635 -0.003424609492720352 0.020282419886890883 -9.220299745776968 0.0035802528575753 0.9999643708904857 -0.007642628558585885 -0.04062171799514408 -0.020255531323431084 0.007713629709038846 0.9997651514069996 -0.008888336022541682 
000026 000036 0.9998928038007586 -0.0013428834024836096 0.014585780740521971 -9.342973413321864 0.0015102214940930436 0.9999330270841588 -0.01146735885482793 -0.05008636881942788 -0.014569414391309616 0.011488158877739435 0.9998278597141163 -0.029198620506734406 
000027 000037 0.9999744445211585 -0.00041907884022529 0.007143635926161789 -9.48667321524123 0.0005212334678959988 0.9998975438008004 -0.01430436101532192 -0.04913406121257678 -0.0071369122768778805 0.014307721961522161 0.9998722300379366 -0.054441044780373524 
000028 000038 0.9999997663888729 0.0008390107326394737 -4.44369702949876e-05 -9.604167006431325 -0.000839506692511641 0.9999151116167811 -0.013003650117356805 -0.04363808358699342 3.3525407721709254e-05 0.013003688316183723 0.9999153466001345 -0.08885191382743345 
000029 000039 0.9999962738060694 0.0016196291370174038 -0.0022515030615735906 -9.712203122287601 -0.0016463656839093134 0.9999275735857857 -0.0119215855571298 -0.03897635638331627 0.0022320285310997107 0.011925248967087741 0.9999264370764777 -0.1118579722412829 
000030 000040 0.9999989788101412 0.0010332344066057554 -0.0008555856932351156 -9.829175503208683 -0.0010441736712831242 0.9999163885946905 -0.01288133252669514 -0.03618460780890502 0.0008422143574245425 0.012882215393918612 0.9999166712796149 -0.11694367386637024 
000031 000041 0.9999967306379498 0.0022043878382699477 -0.0012227617996094138 -9.893288737505793 -0.002220547953017702 0.9999080375549477 -0.013388407377680007 -0.04471322536978091 0.001193128813696501 0.013391082414177118 0.9999097538396059 -0.10478008402880289 
000032 000042 0.9999901295479379 0.002239003864623412 -0.0038056559980546548 -9.996734659020756 -0.002280869751727028 0.9999364284764173 -0.01103100652110014 -0.03285226773199913 0.003780718783029338 0.011039576270255265 0.9999318823278609 -0.1164444585599664 
000033 000043 0.9999694430703293 0.002682346844851035 -0.007339357816405856 -10.07063622340723 -0.0027180719836685085 0.9999845623432674 -0.004862412517260219 -0.021417496668714314 0.007326209157810166 0.0048822146430542845 0.9999612489240778 -0.146999866519855 
000034 000044 0.9999357314903735 0.0032806873978685268 -0.010849292705669488 -10.165654245396375 -0.0033171775156018474 0.9999888309816214 -0.003347687526574642 -0.0166949685704713 0.010838188772610927 0.0033834602448143745 0.9999354790520886 -0.1739033712210605 
000035 000045 0.9999069014397071 0.003505814983406717 -0.013192298129659961 -10.245141982955547 -0.0035274839246339446 0.9999925635673438 -0.001620022699659771 -0.014529672403218799 0.013186520984154628 0.0016664128879530066 0.999911622215576 -0.19241459308938422 
000036 000046 0.9998959988702748 0.004065114256250172 -0.013833791797681133 -10.315531504462763 -0.004082388441784844 0.9999910732332447 -0.0012204256134618154 -0.012267015348893906 0.013828710959404529 0.0012767758007120567 0.9999034676149536 -0.19001622367946647 
000037 000047 0.9999246616835575 0.003391065598206614 -0.01179684122888289 -10.398565874036514 -0.0034038525553221704 0.999993580948736 -0.0010643420131400709 -0.008220483587048272 0.011793159546306475 0.001104416608404267 0.9999297502983645 -0.1659490045424276 
000038 000048 0.9999506064582888 0.004494332455973148 -0.008849845144920297 -10.446199949092707 -0.004515013941214484 0.9999871926353696 -0.002317866335515897 -0.016142090886976407 0.008839320573390855 0.00235770908482505 0.9999581619152855 -0.16000345131633706 
000039 000049 0.9999510304268423 0.004695367806897453 -0.008708798347553849 -10.522699046258488 -0.00470689710089096 0.9999878998237403 -0.0013039124177351693 -0.010895916152974944 0.008702574945224988 0.0013448394598966267 0.9999612450285185 -0.16185177024612946 
000040 000050 0.9999127924272957 0.005446530631478869 -0.012036279775571692 -10.58282300623159 -0.005453585094692339 0.9999850164530788 -0.0005536898310166793 -0.01050650291263247 0.012033080764734723 0.0006192850285404714 0.9999273443826752 -0.17203754037822427 
000041 000051 0.9998659265045103 0.006053013103118078 -0.015223701597887879 -10.628050482161985 -0.0060340819518777235 0.9999808937415832 0.0012904542386883 -0.008158329216847851 0.015231222015231364 -0.001198417501004663 0.9998830919589776 -0.19321804783277022 
000042 000052 0.9998790842608392 0.0060064524804540045 -0.014340694708068827 -10.67221667055034 -0.005994070592569359 0.9999816299164473 0.0009058417708312027 -0.01153913722846829 0.014345877456069443 -0.0008197664848093695 0.9998967745883319 -0.19189816498904233 
000043 000053 0.9999467651526577 0.005973586998205077 -0.008415242263313324 -10.68104435495689 -0.005988790355299394 0.9999804206616075 -0.0017821069226083381 -0.028999088158789016 0.008404427763652965 0.0018324083710594197 0.9999629921796264 -0.1447159378746341 
000044 000054 0.9999872900655153 0.0049708839810862215 -0.0007975124329806643 -10.71541276159207 -0.004974973322905013 0.9999741880128303 -0.005205883991699406 -0.03186099534040707 0.0007716141707225909 0.005209789563134949 0.9999861770382332 -0.0983090882086 
000045 000055 0.9999861897177407 0.004906487739368031 0.00183203349684035 -10.723694221048257 -0.0048939839703207744 0.9999650129998718 -0.006766215358714788 -0.050659207650035246 -0.0018651683455676792 0.006757153204154201 0.9999754886914084 -0.08770550243459241 
000046 000056 0.9999923556156944 0.003922352512488975 6.177046284679189e-05 -10.747093268681837 -0.003921986461872531 0.9999789988127661 -0.005154813438983575 -0.04916834499919637 -8.198740351095665e-05 0.005154529913565402 0.9999868014621565 -0.11840418418169188 
000047 000057 0.9999906235269228 0.003375912471848907 -0.0027001691240356083 -10.767735465289922 -0.003390985246110365 0.9999786796834377 -0.005597441524451081 -0.0583426899468798 0.0026812168895741224 0.005606549663092194 0.999980824109972 -0.14932252971760282 
000048 000058 0.9999846701304062 0.0028988874208175407 -0.004719220786911156 -10.772055233404629 -0.0029100375944673953 0.9999930812569842 -0.0023566583200933886 -0.05577171387558057 0.0047123544553416725 0.002370362212490779 0.9999861526389215 -0.1628928211575391 
000049 000059 0.9999941721111495 0.0011826433108761312 -0.0032105159424053228 -10.774027766102872 -0.0011939332958377984 0.9999931374392079 -0.0035161553933583624 -0.05546563003474609 0.003206335228777711 0.0035199697245122787 0.9999886166497358 -0.1646740096889247 
000050 000060 0.999999470630279 0.0007228272360359742 0.0007819224299449492 -10.76946632752595 -0.0007199934213478678 0.9999932040122533 -0.003623214738823131 -0.06992601420237127 -0.000784534032039938 0.003622647975192182 0.9999932547929039 -0.13730272455089898 
000051 000061 0.9999846175218189 -0.0007834174571390581 0.005506562921112061 -10.761778279527423 0.000802382671844567 0.9999938484641816 -0.003442158699223197 -0.06300318174127117 -0.00550383187136215 0.003446529960373567 0.9999789428957699 -0.10564582535184186 
000052 000062 0.9999660020196437 -0.001528535475036302 0.00811765355838587 -10.765736106987958 0.0015361714714419638 0.999998285248027 -0.0009349750383177728 -0.059171993156449845 -0.008116212498182888 0.0009474120460336988 0.9999666352508307 -0.08745989267446998 
000053 000063 0.9999693515495013 -0.002104708570872343 0.007516861302694583 -10.768597190802524 0.002089099254862524 0.9999955814064341 0.0020845650383764093 -0.05328023399367172 -0.007521214870686989 -0.0020688013486529584 0.9999695761146581 -0.06559397721147489 
000054 000064 0.9999837169265275 -0.002385303572144073 0.005176467939149636 -10.766344623056499 0.002364922923981825 0.9999893712308927 0.00393833158080634 -0.05209609487175497 -0.005185805948956409 -0.003926029585838285 0.9999788283498279 -0.05739288256603217 
000055 000065 0.9999936782899296 -0.0025924904389093154 0.002449678389296576 -10.77674116262224 0.002575642228389445 0.9999732099785655 0.006853915557623624 -0.04556800422702435 -0.002467387928349236 -0.00684756121545605 0.9999734358634251 -0.08884197804661399 
000056 000066 0.9999948403934177 -0.003110617702245044 -0.0007667047283178984 -10.782894570193184 0.003116768856144358 0.999961755319957 0.008157321083928346 -0.034994415278695803 0.0007413017403795873 -0.008159672893188889 0.9999665046342815 -0.1532722786330047 
000057 000067 0.9999880387500384 -0.0021348465999237996 -0.004408294884592794 -10.789728176000116 0.002190095609609218 0.9999186218044169 0.012567198854829625 -0.04029139891685208 0.004381107443917846 -0.012576707063481048 0.999911251313565 -0.2135419268463778 
000058 000068 0.9999867363148686 -0.0028167289590538347 -0.0043010575450847304 -10.78754746015307 0.002872154522847935 0.9999120325590792 0.012933160987309001 -0.025596452428472045 0.004264252953372853 -0.012945356778881664 0.999907080698036 -0.22793439447621638 
000059 000069 0.9999942808720919 -0.0028638532565213276 -0.0017867391485967682 -10.78563807424215 0.002889815144681084 0.9998878764427539 0.014695367133618267 -0.027601292983625736 0.001744454057765378 -0.01470044572692452 0.9998903323589932 -0.18952042424715632 
000060 000070 0.999997339654204 -0.002314803099737481 -0.0001839469152443938 -10.794702972775843 0.0023172427044807517 0.9998897222861742 0.01466503227069812 -0.025741420278461536 0.00014997879646563112 -0.014665426337348002 0.9998924951299692 -0.15884178520406375 
000061 000071 0.9999963506477145 -0.002514089030467626 0.0008324301143700496 -10.806677630980548 0.002503967178913206 0.9999253142200468 0.0119565512018116 -0.01800872155171611 -0.0008624320435465731 -0.01195443249157639 0.9999281155518309 -0.12309486790539682 
000062 000072 0.9999954073476888 -0.001945799380739391 0.002309501090882518 -10.798536550947336 0.00192080481692227 0.9999402166387233 0.01077512104684758 -0.03108845912984488 -0.0023303287147965215 -0.010770641462350402 0.9999391320256115 -0.0702197857363987 
000063 000073 0.9999964758058104 -0.0026827916768810468 0.00023607707975708265 -10.821296541139665 0.0026816169838586325 0.9999849308730624 0.004808383922462625 -0.03676366658236756 -0.00024898320845980447 -0.004807731411364197 0.9999883094028069 -0.06538985212213057 
000064 000074 0.999984574200208 -0.0030920608146686704 -0.004629346970671083 -10.834599666224168 0.003097134773817535 0.9999945885816489 0.0010868682218991088 -0.052464485032173956 0.004625956073373743 -0.0011011892043896589 0.9999886784794434 -0.10386854023144192 
000065 000075 0.9999841552488214 -0.0028672828322739473 -0.004859338847902891 -10.846807086540531 0.0028645376845486143 0.9999958757275594 -0.0005728407835466689 -0.057289698022445275 0.004860965820985755 0.00055890932982009 0.999988117297813 -0.13115786701944415 
000066 000076 0.999996285353983 -0.0027007472431186557 -0.0002442559431168655 -10.845788413681813 0.002699892366809993 0.9999905298430461 -0.003422627253373221 -0.060962687642667844 0.0002534965272293564 0.0034219566393728744 0.9999940660251105 -0.1286666688156966 
000067 000077 0.9999837072267236 -0.002403799688209593 0.005190706853600055 -10.851549604436272 0.002417328111676382 0.9999937072602294 -0.0026021983303862917 -0.06041319948885608 -0.005184421168344957 0.002614705166831273 0.9999831402034874 -0.1425081030203833 
000068 000078 0.9999845115427373 -0.002442660084304866 0.004996256974807721 -10.863686074321173 0.0024607754250646477 0.999990538305204 -0.003622243032057957 -0.05035777761524944 -0.004987364254685485 0.0036344837398417035 0.9999809559313015 -0.16209306083029998 
000069 000079 0.9999996554869128 -0.0008373942367683677 4.512890041068122e-05 -10.868591863579598 0.0008376045691874319 0.9999867808095835 -0.005072361287273247 -0.06089108358066875 -4.088175477943857e-05 0.005072396691625283 0.9999872551979293 -0.1897555961836117 
000070 000080 0.9999865684021957 -0.0004821978224572295 -0.005154011637836203 -10.870989870493077 0.0004604629640372241 0.9999909999009087 -0.0042172309273501764 -0.04826923369108366 0.005156000403536691 0.004214805416266027 0.9999777065133884 -0.2133510508072959 
000071 000081 0.9999728098563486 -2.6655152524090297e-05 -0.007373817306330492 -10.876010500841467 2.0504497273546385e-05 0.999999584431902 -0.0008334262266669311 -0.037327121555720516 0.0073738426502547045 0.0008332531963267683 0.9999724824317923 -0.20716228028006656 
000072 000082 0.999965952080557 0.0008063944029771198 -0.008205741487020541 -10.874307601670738 -0.0008187167241678623 0.9999985128819483 -0.0014994777075940542 -0.037065369522119626 0.008204518160799647 0.0015061430531278072 0.9999653082319953 -0.16532698757146502 
000073 000083 0.9999739334427364 0.001444169090280326 -0.007070369718367318 -10.859326528411817 -0.0014465350008747413 0.9999988330083801 -0.00032974462808122855 -0.022555039093495433 0.0070698825764570475 0.000339961489225583 0.9999751081679954 -0.1376118351048239 
000074 000084 0.9999773506998278 0.003874461675118722 -0.005497073882564344 -10.84167709570413 -0.0038636356955832453 0.9999905881036399 0.0019799922249282534 -0.027758463308433602 0.005504696380063653 -0.0019587091441709385 0.9999829347127464 -0.14845260756014464 
000075 000085 0.9999673025899043 0.0038679675371380146 -0.0070971715304224475 -10.823452590361759 -0.003850427831518636 0.9999894399006944 0.0024836273351733027 -0.01597223180441995 0.007106703171358928 -0.0024562162351698465 0.9999715661178581 -0.18686172152187092 
000076 000086 0.9999347612444515 0.004521852722850439 -0.010490308715734408 -10.807322780088201 -0.0045007929153998505 0.9999877902693282 0.002029877226193769 -0.013645560872136878 0.010499361484544454 -0.0019825308736027597 0.9999430051918434 -0.23068040829501496 
000077 000087 0.999929497628768 0.00511036173180195 -0.010709826864752331 -10.782759902877048 -0.005103827444428925 0.9999867827363677 0.0006366407678346038 -0.020403270796078208 0.010712943220742998 -0.0005819379877334817 0.9999425364540163 -0.23307992027100097 
000078 000088 0.9999623649194587 0.005256695676331749 -0.0069130116112784004 -10.752290238428074 -0.005274711511585219 0.9999827064088909 -0.002589372530123892 -0.022396246054343982 0.006899281388404934 0.002625740695645123 0.9999727157494771 -0.2050100408693343 
000079 000089 0.9999750054241415 0.005699552582482071 -0.004167237741312087 -10.711955486204303 -0.0057172324311086 0.9999747578608288 -0.004242717157426143 -0.026936592381499265 0.004142950816699289 0.004266439095862794 0.9999823077937426 -0.19118846224244296 
000080 000090 0.9999843768960776 0.005039439279141281 -0.002361514337879996 -10.667306613034182 -0.005051781530710181 0.9999735158316425 -0.00525568481706656 -0.023174940952167974 0.0023349663722954236 0.005267536876445823 0.9999833799461726 -0.18715622230827317 
000081 000091 0.999975703227925 0.005920873356709793 -0.003683920801025166 -10.613713333551168 -0.005939735979564477 0.9999692945311404 -0.005131073954525187 -0.0353469710412975 0.003653427720678633 0.005152832467881995 0.999980045687454 -0.1908670999634967 
000082 000092 0.9999440742675606 0.005583107860494662 -0.008985205292115406 -10.552028870692261 -0.005615254015165747 0.9999778384862572 -0.0035564470708839458 -0.026191629607717818 0.008965154285699259 0.0036067016574929224 0.9999533832318769 -0.2067828543592675 
000083 000093 0.9998919333838245 0.005786470286980964 -0.013503393631155904 -10.466422205993636 -0.00580196477941773 0.9999826002164459 -0.001108832554908366 -0.02734066933493784 0.013496756419226865 0.0011870597162733749 0.9999082133649051 -0.22719479393333342 
000084 000094 0.999895969156468 0.00578926031933292 -0.013215351043440153 -10.371139511343745 -0.005772044841813034 0.9999825701176492 0.0013399640533070486 -0.01325750008416069 0.01322287947062113 -0.001263545475574217 0.9999117217063217 -0.23686405247036724 
000085 000095 0.999933857148195 0.007093253580854938 -0.0090568067950251 -10.255348422294663 -0.007063379904243362 0.9999695328834409 0.0033267558319724478 0.0032124752608076353 0.009080129451016558 -0.003262563698698232 0.9999534523468654 -0.2270821754024102 
000086 000096 0.9999354812613601 0.010382182790471524 -0.004611022253685677 -10.110684209179748 -0.010357022913271114 0.999931575706986 0.005447006956368783 0.017808918767047217 0.004667258661524075 -0.005398900947783501 0.9999745826088136 -0.21749297572721454 
000087 000097 0.9999129772608422 0.012874081475163423 -0.0029075030735917595 -9.94667252024611 -0.01285669616500552 0.9998997999328013 0.005922769453539596 0.04610273488339376 0.0029834598783512476 -0.00588487213932425 0.9999780887976576 -0.19912429294180134 
000088 000098 0.9998697372494313 0.01541633521944819 -0.004784625682611683 -9.794552910907063 -0.01538358800028087 0.9998584691309402 0.006807402565624076 0.06642257437231994 0.004888895060857309 -0.00673291080672171 0.9999654381227722 -0.2033684523572717 
000089 000099 0.9998152803153368 0.018005101467885847 -0.0067328628150663435 -9.603087990524607 -0.017961968871796234 0.999818052167328 0.006412012875186828 0.07815989277039379 0.00684708717898187 -0.006289895066763943 0.999956703514332 -0.2140803089084378 
000090 000100 0.9997593310082893 0.02052258284783491 -0.007761420885026985 -9.399660870343725 -0.020486909136261465 0.9997792496213339 0.004648796260787225 0.08433177402509207 0.007855114618923513 -0.004488673311918901 0.9999590858949218 -0.21693352407617372 
000091 000101 0.9997012003452863 0.02272156041626443 -0.00902589839650522 -9.180326324269043 -0.02269749026327567 0.9997385769562339 0.0027600434275362987 0.08773539079265921 0.009086252515821661 -0.002554355599446113 0.9999555479343761 -0.22299266114853633 
000092 000102 0.9996656593380366 0.024535562037664264 -0.008156554095127782 -8.956745416131264 -0.024538864853203717 0.9996988406024977 -0.00030490909713368544 0.08302796390911985 0.008146619406890581 0.0005049608069249619 0.9999666962202625 -0.22240798112510515 
000093 000103 0.9996131510067694 0.027153351324350546 -0.006021052287737425 -8.732354723818846 -0.02717152500589867 0.9996263534048724 -0.002956346710367557 0.07161483109473125 0.005938528781264056 0.0031188050754520926 0.9999774226189967 -0.22073813635321127 
000094 000104 0.9995832115719333 0.028588609710839964 -0.003999794181024628 -8.475707667948464 -0.02860807027645929 0.9995786003448387 -0.004892592386446908 0.06562924776767162 0.003858238810389123 0.005004982722430306 0.9999800349203849 -0.19915369796811094 
000095 000105 0.9995767889863468 0.029087719043959286 -0.00013456813326415438 -8.222758040704585 -0.029087830015691367 0.9995415154480544 -0.008392754180130382 0.05527822537603687 -0.00010961976710899633 0.008393112302641 0.999964869727329 -0.17175286983735372 
000096 000106 0.9995933949390996 0.02837435116129025 0.002837427766378053 -7.959696701206131 -0.028340748470976684 0.9995348521487933 -0.011256818667306889 0.04120957996391779 -0.0031555147830095447 0.01117182574654668 0.9999324559229323 -0.13214831124026677 
000097 000107 0.9996329866346967 0.02670711346149299 0.00451109159253688 -7.683812928740474 -0.026644594185132105 0.9995552983982894 -0.013389283795898956 0.03349383055557116 -0.004866674865094636 0.013264174272184672 0.9999001643295793 -0.10818973305077566 
000098 000108 0.9996671369812189 0.02517599614846512 0.005636615280460127 -7.401552179345845 -0.02508700427009229 0.9995676163859992 -0.015338982405891467 0.007609286449396594 -0.006020354074816787 0.015192472026707631 0.9998664115960598 -0.10065502711990008 
000099 000109 0.9997597823911373 0.020887294288698892 0.00664497221054501 -7.126386898038954 -0.02077078225179038 0.9996373137018569 -0.017145083283563897 -0.016604724412955168 -0.007000675280134001 0.017002953820326818 0.9998310614251834 -0.10483821244159042 
000100 000110 0.9998684610479712 0.015051434977223496 0.006051504121484014 -6.845907563028928 -0.014932014772122885 0.9997019545954476 -0.019318704877444658 -0.05161289991993907 -0.006340476701683924 0.019225805261981223 0.9997949685079232 -0.11702874310002544 
000101 000111 0.9999600689175029 0.006582905319200354 0.006037208528432378 -6.571624252242556 -0.006452215615330921 0.9997497302555219 -0.021416397456990314 -0.09588529983175756 -0.006176680467662172 0.021376594916980653 0.9997523919934884 -0.12998397899549516 
000102 000112 0.9999816011898868 -0.0034841166403470863 0.004961937042547841 -6.293413825959989 0.003586194900445565 0.9997788886006855 -0.02071450044306462 -0.13248702496024334 -0.00488867022427809 0.020731915915664374 0.9997732129911385 -0.1436943743269185 
000103 000113 0.9998725796184339 -0.01570638507398935 0.002876526388285267 -6.0266232199498315 0.01575625269807247 0.9997097998543816 -0.018223117857637167 -0.17068401234608238 -0.0025894740865438945 0.018266123800115986 0.9998299143026136 -0.1546712762366615 
000104 000114 0.9995458926762344 -0.030133825391868395 0.00016155292871070974 -5.775403526363603 0.03013265776317041 0.9994228532516205 -0.015679383845057265 -0.20969915503412379 0.0003110191079013279 0.01567713274167569 0.9998771510493402 -0.1599468794146437 
000105 000115 0.998956544407519 -0.04552076235679551 -0.0036893855445281087 -5.519618386476635 0.045467672745297366 0.9988761668995174 -0.013382755223563513 -0.24885590475565686 0.004294430654123912 0.01320105508772341 0.9999036282214614 -0.15628734880990935 
000106 000116 0.9979530903629122 -0.06352995877359364 -0.007306591585177825 -5.287520349538236 0.06345173317610814 0.9979299110561662 -0.010481992244375434 -0.2708073226826231 0.00795738946875328 0.009996922641516469 0.9999184458614043 -0.14685358283454508 
000107 000117 0.996522920898969 -0.0829944880497578 -0.007351156563692983 -5.065843357400788 0.08293714862694197 0.9965244869339591 -0.0077884437791166 -0.3037288366264931 0.007972005554995732 0.007151685724250181 0.9999425985592829 -0.1365147060050797 
000108 000118 0.9944361428202368 -0.10524646740654786 -0.004456927810893483 -4.8661360129078295 0.10522155749958986 0.9944335235662172 -0.00549753773691051 -0.32726905598077904 0.005010715320674103 0.004997990587199264 0.9999749361234194 -0.10670906138232929 
000109 000119 0.9916506840856568 -0.12895248150639377 -0.00021651123186667288 -4.688679678146155 0.12895183381706857 0.9916489996883447 -0.0018878621914542244 -0.35101702812218033 0.00045814686479669713 0.0018441761571745614 0.9999980486359206 -0.07634048496681044 
000110 000120 0.9882781479003512 -0.15263822739354824 0.002822030409908341 -4.501645050608505 0.15262615071334804 0.9882754020554877 0.004089101265757176 -0.37339849613719306 -0.0034130959793023962 -0.0036104563300522335 0.9999876816118349 -0.05936481330104948 
000111 000121 0.9841525075891931 -0.17726962087038764 0.004415717865060658 -4.365448791926877 0.177218968042567 0.9841205608258499 0.010008353496997007 -0.3877470301379072 -0.006119782806368525 -0.009067199371659847 0.9999401093060701 -0.050860851448270225 
000112 000122 0.9793799866184757 -0.20190349769402358 0.007059086245222236 -4.217621410302705 0.2017921981202141 0.9793288338590561 0.013974383343105875 -0.4063923044022467 -0.009734651657071006 -0.01226175496802851 0.9998773732461949 -0.044702339195808266 
000113 000123 0.9735801343977546 -0.22811126650314165 0.010339807025015397 -4.109471077626898 0.22792483754538512 0.9735371147225632 0.016599850053944702 -0.4332364793378068 -0.013852810207786573 -0.013804592507276114 0.999808714339299 -0.03803752934023959 
000114 000124 0.9670377430659252 -0.25438035160324673 0.011338392741916765 -3.9914516850382546 0.2541212296433823 0.9669588393071313 0.020325045034545144 -0.444542629815049 -0.016134053337996418 -0.01677376802117212 0.9997291269934522 -0.037645454658953414 
000115 000125 0.9595029502047249 -0.28146172404569847 0.011549065996236823 -3.926707066456801 0.2811569013912191 0.9593941595614415 0.022666600804689734 -0.4721325062963287 -0.017459888708528628 -0.018501576984840132 0.9996763355500259 -0.04158726332854626 
000116 000126 0.9513736760589699 -0.30784237113509944 0.011017689353908537 -3.8423852275165746 0.3075508670930532 0.9512704945991485 0.022293340575590747 -0.49098441566450296 -0.017343647825300495 -0.01782079644330835 0.9996907230394416 -0.04572503281925159 
000117 000127 0.9421670765270999 -0.33503956791179823 0.008340360180038737 -3.7779033489893306 0.33484889011272573 0.9420906868606294 0.018469972204628964 -0.5195856906697679 -0.014045547866147494 -0.01460904960065942 0.9997948280654527 -0.04014953817535539 
000118 000128 0.9328520384544512 -0.36024949796237665 0.002670706362762821 -3.73563155619759 0.36016305984579844 0.9327485625300115 0.016207484967570903 -0.5489468606187525 -0.00832983557130203 -0.014157305101045372 0.9998651341326239 -0.05173454379094488 
000119 000129 0.9241457614418804 -0.3820249117376694 -0.003434359601282128 -3.6591111426488596 0.3820353335602592 0.9240503112198419 0.013418483147948199 -0.5503179616991443 -0.0019526877534421648 -0.013712680884464984 0.9999041530833366 -0.053324621737747435 
000120 000130 0.9149970953791654 -0.4034393785661004 -0.00413339133928297 -3.628435392288108 0.4034598047775869 0.9149291943372603 0.011161322682700162 -0.5755403786876468 -0.0007211676889725844 -0.011880239764445898 0.9999292420000169 -0.058866962941366195 
000121 000131 0.9070127043723493 -0.4210925034060278 -0.0029764322073272368 -3.5613652399242754 0.42110124374894053 0.9069662880689464 0.009278632603423407 -0.5710380376764402 -0.0012076388442335002 -0.009669219518451554 0.9999525871127023 -0.05928124651940055 
000122 000132 0.8992092047258365 -0.4375186385519945 -0.0001123602824501017 -3.5240998464463873 0.4375116714870596 0.8991931709057959 0.0059145166220548814 -0.5838710381699969 -0.0024866747726163896 -0.005367550333388062 0.9999824461769315 -0.051254159315473335 
000123 000133 0.8924509383311133 -0.4511383022071953 0.002347039239324868 -3.4823280039657565 0.45113542361823666 0.892454027430596 0.0016177247912807862 -0.5829039916940837 -0.0028244295611380577 -0.0003849109552879981 0.999995957347005 -0.035751243684669864 
000124 000134 0.8857543254635575 -0.4640734238628688 0.008670944375087974 -3.460476819054351 0.4641320740605454 0.8857405014041884 -0.006728652516024494 -0.6095435021438105 -0.00455762408513155 0.00998440044533324 0.9999396253470256 -0.02791601369927189 
000125 000135 0.8793469851582044 -0.4760269586217002 0.012125567509300385 -3.429001808867776 0.47615857469992035 0.8792686746010527 -0.012627994818866974 -0.6076632726995798 -0.004650366202325261 0.0168780876611615 0.9998467130548506 -0.00787677071326484 
000126 000136 0.8735232342943126 -0.486621245848403 0.012526906371715506 -3.4254279207122806 0.48675423573546417 0.8734605149518327 -0.011708206446250828 -0.6242565464766568 -0.005244297333327155 0.01632491841267958 0.9998529308606334 -0.0035293351197938447 
000127 000137 0.8694128543895959 -0.49399091337248763 0.00971249250280085 -3.4358657656018727 0.49406239348664704 0.8693964029095747 -0.007237280022339749 -0.6246213281881695 -0.004868864291819524 0.011090767812393534 0.999926515928187 -0.020008109976321523 
000128 000138 0.8655494871296646 -0.5007733353878377 0.007100383770240206 -3.432672589336769 0.5008094318937608 0.8655448603857676 -0.004725649283879355 -0.6097622471509261 -0.0037792278165526714 0.007646233119826383 0.9999636359770522 -0.02172750215497302 
000129 000139 0.8613140972702308 -0.5080405393730124 0.005723240985015078 -3.4658580346958856 0.5080656615864483 0.8613070086924467 -0.004421761902910505 -0.6402948444281427 -0.002683026935982666 0.006716305650724009 0.9999737515088248 -0.03805425281383735 
000130 000140 0.8584450522011698 -0.5128851989310148 0.00458001020512322 -3.473798464985903 0.5129052073464491 0.8584210809216355 -0.006438968455555107 -0.6406914633417304 -0.000629134432627761 0.007876620716441655 0.9999687179818216 -0.039006790488034127 
000131 000141 0.8541975889147176 -0.5199454183862202 -0.0017435902492099798 -3.5197453846258684 0.5199315917491635 0.8541920436915235 -0.005188549050009338 -0.6687318268674274 0.0041871223578987 0.003525497547504157 0.9999849859794073 -0.06573636877582822 
000132 000142 0.8509540553102954 -0.5252170902752987 -0.0049300905929421475 -3.5536293868093516 0.5251632265749947 0.8509525909569108 -0.009132034911885908 -0.6721241060052515 0.008991564986303904 0.005181837050150377 0.9999461965391814 -0.06956322157793282 
000133 000143 0.8490468801552438 -0.5282751700248465 -0.00666762265013254 -3.59408852368923 0.5281569351944054 0.8490326686425487 -0.013928863561118152 -0.7029242548261865 0.013019295185232118 0.008304707067050806 0.9998807542207998 -0.06474994892526788 
000134 000144 0.8491860361046261 -0.5280581791874487 -0.006138177082137436 -3.6531419354226853 0.5279182329005725 0.8491459896706389 -0.015912512579164994 -0.70538182022141 0.013614942489959713 0.010272225257351712 0.9998546190219846 -0.045896344483340894 
000135 000145 0.8523747620895303 -0.5228718964262875 -0.00789461526839222 -3.715998039742857 0.5227583047955802 0.8523840027850427 -0.012863279378967057 -0.6997287782055494 0.013455091644717464 0.006837358462327986 0.9998861157844084 -0.038364782790713405 
000136 000146 0.858508201570233 -0.5127435185947464 -0.007599387473975917 -3.786486453027037 0.5126988717134743 0.8585388800071083 -0.007115718340615191 -0.6729208440769141 0.010172903864898488 0.0022127129246915424 0.999945890313053 -0.03232886158498487 
000137 000147 0.8681371582467101 -0.49630794476446777 -0.004025340275686796 -3.853849069675917 0.49631050621363826 0.8681448889467231 -0.0004223219010469265 -0.6166197792816189 0.0037041814553935635 -0.001631192870465857 0.9999917910154714 -0.017421355412389455 
000138 000148 0.8798493829884789 -0.4752501251588046 0.0015503091032734462 -3.949428850851697 0.47524749238344166 0.8798502898875894 0.0017551759852255868 -0.5780418325890887 -0.0021981861748243798 -0.0008075165378627194 0.9999972295821148 -0.009856226100969818 
000139 000149 0.8930942546170548 -0.44986669204481633 0.0015644828042642616 -4.043014437683577 0.4498642878718689 0.8930953399381475 0.0016646556109577218 -0.5250283331934896 -0.0021461064667119647 -0.0007828927931982664 0.9999974883718675 -0.018102145193578847 
000140 000150 0.9063628937572629 -0.4224996701897481 -0.0005500197010226257 -4.166220104773773 0.422498159947862 0.9063622251430649 -0.001684426882084537 -0.5059928622474665 0.001210192502063375 0.0012943173298407403 0.9999983847376294 -0.04026262984956752 
000141 000151 0.9199905074062779 -0.39194069497321277 -0.00010513150977919258 -4.293157456635043 0.3919322343001412 0.9199723448437456 -0.006345592868075323 -0.4765204928313862 0.002583814290688436 0.0057966803852173045 0.999979808790519 -0.03966917777715507 
000142 000152 0.9328629671009253 -0.3602267247649146 -0.0018576373634519817 -4.4322248121055425 0.3602286945370065 0.9328635772072118 0.000850513340888242 -0.4465719090336036 0.001426546638434939 -0.0014625825776558195 0.9999980130908915 -0.05921185599372039 
000143 000153 0.9447903175314859 -0.3276281908604609 -0.005562562264880935 -4.586048110241665 0.32766963071093763 0.9447382736883995 0.010099023192933954 -0.40630562420469596 0.0019464386754197347 -0.011364137760587294 0.9999334816179539 -0.057016460287670684 
000144 000154 0.9557723177759133 -0.2939541143896092 -0.009492826101088177 -4.7436821954766835 0.2940822620801245 0.9556144103101281 0.017799054342409637 -0.37092447206401646 0.00383937014078752 -0.019803526019938095 0.9997966477031262 -0.054426239454508425 
000145 000155 0.9653639119551851 -0.26083567013994036 -0.006110014261492912 -4.909992646475751 0.2609019247500854 0.9652293946836032 0.01620304752521194 -0.3472128682555135 0.0016712240730331182 -0.017235955524931238 0.9998500508761919 -0.024101910212498218 
000146 000156 0.9731725487657386 -0.23007663078339224 -9.508424540845856e-05 -5.080256122019494 0.23007286580329586 0.9731542131179712 0.006105855924990562 -0.33805344119962716 -0.00131228869739938 -0.005963926260167801 0.9999812871122613 0.012630672558885085 
000147 000157 0.9795634304884534 -0.20113157199766532 0.0013012845198286298 -5.256326769574815 0.2011309239482797 0.979564163028459 0.0006375011859075641 -0.3144063984060864 -0.0014029209023133735 -0.0003627495441012882 0.9999989578262694 0.01937843209639606 
000148 000158 0.9849607439941742 -0.17273969968076375 -0.00362897054285982 -5.454397880042689 0.1727581807127772 0.9849483374014975 0.00559842681333258 -0.25766465382247516 0.002607274883891338 -0.006141162480768635 0.9999778053780682 -0.005644970886014308 
000149 000159 0.9893932937992117 -0.14520091504374888 -0.004231146187143131 -5.651125248482098 0.14523632016930818 0.9893482294140337 0.009816644553191364 -0.18528668814980181 0.0027606865808735546 -0.010327036289629015 0.9999428445247897 -0.0057137665118594215 
000150 000160 0.9930456577823594 -0.11772153394845494 -0.0014771760127490245 -5.8468044937879915 0.117729986141529 0.9929142720728973 0.01615486227140904 -0.11779833068431148 -0.00043506159934085867 -0.016216427190080103 0.9998685042729675 -0.021294535334162763 
000151 000161 0.9957340831100548 -0.09222658032542125 0.002836519768830155 -6.0245916755968025 0.09215848444775951 0.9955706413155725 0.01859816183472699 -0.06587667501421529 -0.004539210190550576 -0.01825742655962342 0.9998230823026475 -0.019804747866515704 
