000000 000010 0.9999854349285955 -0.0047748733086225206 -0.002524397732527197 -11.987296139317056 0.00477991169146085 0.9999865189883508 0.0019939436881402962 0.09961782568319258 0.002514842349237822 -0.0020059806042627606 0.9999948405796 -0.1484181265164819 
000001 000011 0.9999961882667248 -0.0009076011814380078 -0.00265022281503591 -11.969856677208337 0.0009139135186326826 0.9999967846832204 0.0023819283090761568 0.07876536121027002 0.0026480516418402626 -0.0023843393757830332 0.9999936348330171 -0.1395226118250929 
000002 000012 0.9999958016730408 0.0019773095572269746 -0.0021134582931171386 -11.961841382720786 -0.001972132706982969 0.9999950164070298 0.002447891548380711 0.05955572662580906 0.0021182888053429957 -0.0024437128250561547 0.9999948009071264 -0.14904888036073605 
000003 000013 0.9999895182857602 0.004187603118234179 -0.00187793563073576 -11.958599204781049 -0.004186453214025601 0.9999911363407048 0.0006153756848352291 0.03776185046280607 0.0018804976614656386 -0.0006074986927836705 0.9999981323425929 -0.14280601080103483 
000004 000014 0.9999861053068408 0.004972066637403967 -0.0017671287731650012 -11.959186620435434 -0.004971114879463703 0.9999876095375245 0.0005419713210815483 0.02775208919005896 0.001769799257200564 -0.0005331734067662205 0.9999982410822903 -0.14557212966963046 
000005 000015 0.9999797689953931 0.006008457652685111 -0.002146254601169666 -11.97010820223919 -0.0060064239761360655 0.9999814916944548 0.0009521923435177448 0.012691101430299835 0.0021519351498717836 -0.0009392809499745549 0.9999973120295648 -0.15607159390759226 
000006 000016 0.9999630979318623 0.007928503241074188 -0.003284178063155185 -11.962566859163148 -0.007922783872575325 0.9999671055325352 0.0017525208296187227 -0.014510520493495566 0.0032979665475984824 -0.0017264360397799394 0.9999930721148659 -0.14335964722167213 
000007 000017 0.9999590586058105 0.00868272977141209 -0.0025822677352176937 -11.963148656385174 -0.008676944737733448 0.9999598096788903 0.0022435491530372552 -0.029160086830335913 0.002601643457416073 -0.0022210508480450405 0.9999941907988966 -0.13105532818846244 
000008 000018 0.999950383843236 0.009948023560473493 -0.0003178137237522905 -11.954198788065815 -0.009947866154887386 0.9999503518156883 0.0004839168765010792 -0.05174426325844468 0.0003226120433921136 -0.000480733545605507 0.9999998737488928 -0.13779568634594722 
000009 000019 0.9999543175965597 0.009555002730979659 0.00018364924938500413 -11.951257182011501 -0.009555026984717165 0.9999544546645526 0.00012097107174640205 -0.0519983043608815 -0.00018248510241454188 -0.00012271886353109276 0.9999999592632081 -0.1579540732270102 
000010 000020 0.9999724667224855 0.007410812329674852 -5.423168328965294e-05 -11.94973434253967 -0.007410864440576158 0.9999718686668974 -0.0011464695515192938 -0.029767914901610848 4.5734255734727414e-05 0.0011468426968088907 0.9999993415799756 -0.15528518267294808 
000011 000021 0.9999774429178603 0.006708017688218209 5.742139391497046e-05 -11.955650760020237 -0.006707909517564053 0.9999761172640705 -0.0016036039134063951 -0.01785559094939118 -6.81793651271579e-05 0.001603183383390477 0.9999986459799226 -0.14496729758873064 
000012 000022 0.9999836080435417 0.005687338014511496 -0.0005926026675075096 -11.960003851141172 -0.005688554425864707 0.9999815886823489 -0.002083122676849189 -0.0005178396349083403 0.0005807452862778676 0.0020864639591003085 0.9999976570465345 -0.1481864440765635 
000013 000023 0.9999799050558409 0.005919587838605251 -0.002267102175656305 -11.962998459964643 -0.005916740261756408 0.9999815730269508 0.0012636991035317945 -0.0002034252134343259 0.0022745406809382375 -0.0012502681870889688 0.999996543200031 -0.17753867697800987 
000014 000024 0.9999734448483611 0.006802398242661794 -0.002593985675650621 -11.969027096762453 -0.006797525689031546 0.9999751112102159 0.0018802689807232733 -0.0007635423718171941 0.0026067117876674355 -0.0018625871423093856 0.9999947613678961 -0.1812851150877314 
000015 000025 0.9999747316075683 0.007002886090104428 -0.001169278760206171 -11.968643580586782 -0.007002090041943298 0.9999752476578189 0.0006831706577226298 0.0007593021958363019 0.0011740351557009282 -0.0006749699692219 0.9999991062144641 -0.16341694659490005 
000016 000026 0.9999721003335863 0.007487305807167484 -0.00015870785669444548 -11.970850644219706 -0.007487108348611741 0.9999713536725295 0.001158606352445472 0.0006493837781819597 0.00016737745755282106 -0.0011573849505296461 0.9999994088997775 -0.15377782284409944 
000017 000027 0.9999720142319274 0.007413022886838547 -0.00090693554885026 -11.972221088829297 -0.007412025169298293 0.9999719266474822 0.001097900091347461 0.0034151383509176195 0.000915048284114086 -0.0010911462789468926 0.999998813981641 -0.1516097600795219 
000018 000028 0.9999684979512613 0.0076208930032004765 -0.002218731598126521 -11.97075589254114 -0.007617944116086688 0.9999700459042543 0.0013369683186974855 -0.001860787012836991 0.002228853229584542 -0.001320022318999991 0.9999965073843574 -0.16351346810775785 
000019 000029 0.9999693491264023 0.007544155528294403 -0.002033157351150837 -11.975394426324291 -0.007538977881019541 0.9999682473712854 0.002539579040966472 -0.003338561626910569 0.002052253079784544 -0.0025241779204707797 0.9999947116369928 -0.16297091442532596 
000020 000030 0.999972907573117 0.007078185374848746 -0.0020318013734069835 -11.972403942679351 -0.0070711441879832 0.9999691210866936 0.0034506745558641624 -0.0019126259464844336 0.0020561650740876405 -0.0034362176668548614 0.9999920809753612 -0.1665417708426684 
000021 000031 0.9999729748533172 0.006869966161497359 -0.0026508845141044015 -11.975249210343948 -0.0068617149536525715 0.9999717105191123 0.0031120120449993696 -0.007282916113125079 0.0026721885590496016 -0.0030937365851648065 0.9999916172604123 -0.16268671181209507 
000022 000032 0.9999783434764434 0.005989252213635086 -0.0027113093819099298 -11.983510664180624 -0.005976854834139281 0.9999718051749399 0.004561928752611372 -0.010999954703883999 0.0027385527512497057 -0.004545627007481463 0.9999858149792799 -0.1751181422026367 
000023 000033 0.9999830943864192 0.0053913388339851985 -0.002148031888018068 -11.9904115373449 -0.00538436249856438 0.9999801363438878 0.0032376879424064055 -0.02071813146724323 0.0021654447082723838 -0.0032260662207593965 0.9999924265569733 -0.18079478688221498 
000024 000034 0.9999866760940019 0.004345735732369804 -0.002800238141621936 -11.990629457853624 -0.004338368112937816 0.9999871251702299 0.002635423067014351 -0.026533908643024073 0.0028116577230169063 -0.0026232404691259874 0.9999927806096036 -0.1879888115333908 
000025 000035 0.9999875923578239 0.003416878624042375 -0.0036447512790729205 -11.986265527175783 -0.003413138004739309 0.9999935876969395 0.0010329482992992736 -0.03498282236702498 0.003648257730488573 -0.001020495378674132 0.9999928952331302 -0.18772127245930748 
000026 000036 0.9999877379141687 0.0022937036807258388 -0.0043799200093692465 -11.995452948633282 -0.00229789552897635 0.999996881814738 -0.0009513366976430639 -0.04472797468886468 0.004377724576014672 0.0009613904015726655 0.9999898986502881 -0.18758788103808155 
000027 000037 0.9999816458324277 0.0009084747207499561 -0.005997812990666995 -11.994424873827723 -0.0009274233168746824 0.9999945896220224 -0.00315838583460928 -0.05705884416207531 0.00599491089997957 0.003163892843200585 0.9999770043664604 -0.19775547061641985 
000028 000038 0.9999630418089838 -0.0010379501044061829 -0.008534771342918149 -11.99666711580077 0.0010164064407475312 0.9999963686787707 -0.002528276173280803 -0.07578386128852947 0.008537366124667859 0.0025195122222876833 0.9999604810128013 -0.22763989866821288 
000029 000039 0.9999297168803913 -0.0034699429888450733 -0.011352758473927065 -12.003985390694304 0.003418036742838802 0.9999836241405079 -0.004587576074232897 -0.10072726679730008 0.011368490785172583 0.00454844194241102 0.9999250866037294 -0.2539292523831042 
000030 000040 0.9998765853386096 -0.006011307308914803 -0.014519784304649126 -12.000925518355674 0.005933230024996775 0.9999677266488339 -0.005414457915676948 -0.11044891594763245 0.014551869488316233 0.005327640627051157 0.9998799269733946 -0.2755886270558331 
000031 000041 0.9998399266072052 -0.007631947226765927 -0.016177422508149766 -12.00718484018138 0.0075664293097777655 0.9999628683239572 -0.004107717037804839 -0.11886547023257132 0.016208177478397083 0.003984652837984989 0.9998607148143057 -0.2897780960665599 
000032 000042 0.9998665508751888 -0.00876866980338865 -0.013782801988451224 -12.0086226506437 0.008710417821449958 0.9999529804855877 -0.00428138009802655 -0.1346774213396463 0.01381970260646446 0.004160757426777798 0.9998958336114936 -0.2530163985928364 
000033 000043 0.999876722125752 -0.01097823408897669 -0.0112292249242346 -12.01822768442159 0.010924746669005798 0.9999287775226143 -0.004814026427698458 -0.1231151083920424 0.011281278748560962 0.004690751914096039 0.9999254613257514 -0.21338818778128163 
000034 000044 0.9998923468047086 -0.010972309164530446 -0.009735327800112483 -12.016837086985184 0.010925848042279179 0.9999287008707777 -0.004812973435754707 -0.12945909099865477 0.009787444147656928 0.00470609322992437 0.9999409526987126 -0.18708447522483296 
000035 000045 0.9998870863315472 -0.011287750098974971 -0.009911890560882283 -12.028371129369575 0.011252715732853764 0.9999303162637277 -0.0035828332888856304 -0.1113508081477052 0.009951644330960362 0.0034708965908281544 0.9999443633829873 -0.1774048494469762 
000036 000046 0.9999121232098026 -0.01007854239572637 -0.008599362284620892 -12.040198281711922 0.010064642511868041 0.9999479442719148 -0.0016588160741483578 -0.09267314722996631 0.008615635679762737 0.0015721196070537283 0.9999617221891811 -0.16185645728665202 
000037 000047 0.999946600072747 -0.007456864283442059 -0.007163814843378932 -12.04191337213304 0.007459524631642908 0.9999721456581334 0.00034721611520248277 -0.0725222554776206 0.00716102813078399 -0.00040063649591777473 0.9999743420169451 -0.15475620760513858 
000038 000048 0.9999702897940549 -0.005623482111875408 -0.005286756460279906 -12.044056671477183 0.005630050640765324 0.9999834355952197 0.001229222576243499 -0.029652329365314888 0.00527975549702359 -0.0012589559490628593 0.9999852925182866 -0.16286828965584102 
000039 000049 0.9999927631144047 -0.0020733893384166976 -0.0031925612215588242 -12.0467306060552 0.0020775424968320945 0.9999970041841615 0.0012969368558157252 -0.024936932084446875 0.003189864712027857 -0.0013035453867341262 0.9999939618903587 -0.16259811570986532 
000040 000050 0.9999999844089074 0.00013029906996568386 0.0001850681737866664 -12.044149478313178 -0.0001304242840702614 0.9999996808986938 0.000667439733121441 -0.0094203077232363 -0.0001849852132654764 -0.0006674710539820289 0.9999997327765577 -0.15992403555867946 
000041 000051 0.9999954253622162 0.0020884696219825127 0.0022227488589865157 -12.043511783368288 -0.0020864691415818765 0.9999974211886562 -0.0009006623387613117 -0.005052012260371365 -0.002224626479543662 0.0008960258957138782 0.9999970900545417 -0.1556085629441108 
000042 000052 0.9999918242882552 0.0037783489297951423 0.0014373263953135328 -12.050648852814023 -0.0037762222488289354 0.9999916607695911 -0.0014773417311474781 -0.010176741756179608 -0.0014428995950374664 0.0014718982624449387 0.9999979582269874 -0.156596979655746 
000043 000053 0.9999881261968354 0.004867035349836695 0.00032825025603395753 -12.044044379104157 -0.004867127660967978 0.9999881263818996 0.00026673284294152023 -0.005378411078014282 -0.0003269498542474331 -0.0002683255989681409 0.9999999688280546 -0.15851465333468678 
000044 000054 0.999979463296119 0.00624194268181 -0.001453587298134539 -12.048305929993793 -0.00624021845116091 0.9999799467048963 0.0011805293709946448 -0.012877638934165991 0.0014609268433593127 -0.0011714358225376426 0.9999982385755384 -0.17353130340714537 
000045 000055 0.9999726564242759 0.006645530944513585 -0.0032439198640512664 -12.042819795312578 -0.006639611774610867 0.9999762169346142 0.0018333388929539856 -0.015298302993364564 0.0032560206145973588 -0.0018117508357429377 0.9999929795146096 -0.19394827925575894 
000046 000056 0.999975410744921 0.006252725801678305 -0.003160345398095315 -12.035282474143727 -0.0062512454774244315 0.9999803887650526 0.0004794183634612848 -0.026367785015744216 0.003163281660627407 -0.0004596501413157271 0.9999948869760807 -0.17618933625703423 
000047 000057 0.9999873274421344 0.004738338288328672 -0.0016886720131820232 -12.022153255252762 -0.004741682691051953 0.9999867712883799 -0.0019871225397280565 -0.031039534977168617 0.0016792338527042109 0.0019950914110696766 0.9999966776885097 -0.16233554214544224 
000048 000058 0.9999945701439099 0.0032375577432630044 -0.000577154610880256 -12.01208381242043 -0.0032400623872007577 0.9999850409482341 -0.004394004024327915 -0.043688749810540696 0.0005629189278855927 0.0043958500780459505 0.9999902300123855 -0.16002850554524994 
000049 000059 0.9999971785306575 0.002323101041184935 -0.00044549269978596704 -11.997420687325434 -0.0023254833419877863 0.9999825668285255 -0.005427310843547187 -0.04945916794195738 0.0004328757224605261 0.0054283331957334065 0.999985175942342 -0.16800545456810986 
000050 000060 0.9999990097154758 0.001027697344587099 -0.000935478183485999 -11.981779264859316 -0.0010339413607548026 0.9999769961459745 -0.006697579148594452 -0.05821803614572701 0.0009285727611569919 0.006698543599161284 0.9999771993320932 -0.1713820796178573 
000051 000061 0.9999980817980254 -0.00037549137136200065 -0.0019247542055951352 -11.96945141773869 0.00036324897427256615 0.9999797218075421 -0.0063469410797813665 -0.07632609068688229 0.001927098329771633 0.006346225722356437 0.9999779561213176 -0.18961539941604666 
000052 000062 0.9999919649941124 -0.0026752789902284805 -0.003018810705746374 -11.9516110742182 0.00265075505562623 0.9999636605759444 -0.008098691374974 -0.10025189301494168 0.003040368717793631 0.008090618225631807 0.9999626654181287 -0.1918450401924153 
000053 000063 0.9999814027884477 -0.005716851577765224 -0.0020725956628782653 -11.922242348486314 0.0057026277624314765 0.999960628459212 -0.00680762736002767 -0.1275674454957879 0.0021114323278105447 0.006795687956304874 0.9999745774783593 -0.17773354047554774 
000054 000064 0.9999609095319929 -0.00821051244367814 0.003283943680879244 -11.900103924829907 0.008231504527896784 0.9999453366417403 -0.006433222900478544 -0.1514770483523738 -0.0032309451204247394 0.006460008675982618 0.9999738873728959 -0.12723515277425948 
000055 000065 0.9999167979624278 -0.011279829271484021 0.006248394655023469 -11.863843145106452 0.011333066631695324 0.999899181753879 -0.00855069517794198 -0.16427047715712517 -0.006151312453102274 0.008620797947964278 0.9999439449372692 -0.1030761854622768 
000056 000066 0.9998973937670664 -0.014235181727728695 0.001571365880436692 -11.850882448019085 0.014245061499209451 0.9998775417855246 -0.006464777124200391 -0.1821655080290055 -0.0014791467060543129 0.006486500323445306 0.9999778259145651 -0.1497841875324819 
000057 000067 0.9998460237739616 -0.017432854061384614 -0.0020281520139116835 -11.833736236909022 0.017429224925463324 0.9998465110120728 -0.0017909478883337323 -0.20079626679739523 0.0020590630711520928 0.0017553320925741815 0.9999963285330565 -0.1775535851616502 
000058 000068 0.9997635382109492 -0.021735165677435424 0.0006673887857544869 -11.801418071127284 0.021736381337176123 0.9997621089017268 -0.0018646067651262377 -0.21847779270509687 -0.0006267001418434102 0.001878675748975147 0.9999979921677628 -0.15766083896281838 
000059 000069 0.9996798078985139 -0.02509555055073182 0.0032429443576484245 -11.780159717081682 0.025096190613530318 0.9996849298282237 -0.00015804896365184668 -0.23032712297291014 -0.0032379555973228594 0.00023937129283379987 0.9999947540344705 -0.13046027638344526 
000060 000070 0.999573262352975 -0.028310901106344228 0.007189940130371512 -11.747807351652446 0.02828810796245514 0.999594500733665 0.0032515812207434456 -0.23331263182675574 -0.007279081588900673 -0.0030467995360233327 0.9999687981494539 -0.09471209944602053 
000061 000071 0.9994922364104748 -0.03060419940195771 0.00887390958162576 -11.721764707149111 0.030573328158722227 0.9995261900180176 0.0035939864528895895 -0.2387315956431701 -0.008979696693663336 -0.003320857709701055 0.9999541271785445 -0.08893035735336216 
000062 000072 0.9994522490230304 -0.03206683850713823 0.00817290637610879 -11.702804276077492 0.031997537180353294 0.9994520655674666 0.00847329728611156 -0.237592770618615 -0.008440143597904855 -0.00820714606598716 0.9999306467822348 -0.12316078343992895 
000063 000073 0.9994244201467734 -0.03339745664760765 0.005947190282637889 -11.675513248285014 0.03337637079480246 0.9994362062191975 0.0036098240443283715 -0.23855668486954845 -0.00606439788691836 -0.0034092462843912414 0.9999757714805745 -0.14064077183093704 
000064 000074 0.9994031959145756 -0.034426624351256985 0.002780846123447555 -11.650044870594353 0.03441943639514181 0.9994042934091695 0.002594323689357781 -0.24780439443003222 -0.002868501678973332 -0.0024970622998038124 0.9999928254613353 -0.1132161086073566 
000065 000075 0.9993667894849695 -0.03536135379229791 0.003961610661044772 -11.631939382328742 0.03534703843706347 0.9993685698765515 0.0036279195905826378 -0.23840503016796868 -0.0040873960247199215 -0.0034856000904165134 0.9999855984668686 -0.09923703286231676 
000066 000076 0.9992996410455282 -0.036547217301499575 0.008045463817937365 -11.561580586683156 0.03652329277795146 0.9993280662656663 0.0031001053280271954 -0.22390680565838994 -0.008153362786709771 -0.002804095597834704 0.9999628352733565 -0.10261809436256887 
000067 000077 0.9993294659859503 -0.035609246354916795 0.00851351368073395 -11.563361237401743 0.03558086392667815 0.9993608541360968 0.0034627208705024903 -0.21968038766281775 -0.008631377244888126 -0.0031574765877636444 0.9999577248493091 -0.12317351598573918 
000068 000078 0.9994103829364183 -0.03388742128161193 0.005522565115821494 -11.56801375716043 0.03386399706728464 0.9994172554445422 0.004282142726016628 -0.21585763284250264 -0.005664460388660159 -0.004092600234938817 0.999975512577661 -0.16587497169194707 
000069 000079 0.9994540680859597 -0.033034563699919785 0.0005382094270789753 -11.553872643048777 0.03303261721712904 0.9994489977742296 0.0032828152956659172 -0.21420486794760607 -0.0006463607146296095 -0.003263241652774312 0.9999944027436242 -0.18343748264122015 
000070 000080 0.9994798834821634 -0.032017849875699216 -0.003863221301484685 -11.56249603985394 0.03203152998245721 0.9994805711659599 0.003533640244640804 -0.2083151319626359 0.00374807539986318 -0.0036555533348485206 0.999986402285381 -0.20491962570032857 
000071 000081 0.9995238297383423 -0.030740947263826597 -0.002661766211228469 -11.558967728287302 0.030751336740867045 0.9995192068147104 0.003951807676732674 -0.208093457919041 0.0025390050490555014 -0.004031778372980794 0.9999887228779202 -0.1808597529467105 
000072 000082 0.9995596326995445 -0.029589970075096037 0.0022218060874955887 -11.539051893125327 0.029579059062393442 0.9995509242199946 0.004790107505310345 -0.19431827557238934 -0.0023625476093945 -0.004722275408829474 0.9999861822248248 -0.130857560702655 
000073 000083 0.9995812637632671 -0.028183326805198926 0.006571841637373641 -11.54210250314659 0.028141199399693353 0.9995833444791349 0.0064177807368947844 -0.17920607384281817 -0.006749979491235704 -0.006230162633425723 0.9999579311018256 -0.08980132290974156 
000074 000084 0.9996379664891492 -0.026353211679551406 0.005429128110677513 -11.552048697583082 0.026318289111886047 0.9996329362801658 0.006406807510033872 -0.16363003364400208 -0.005595979358303471 -0.006261610892858844 0.9999647478051112 -0.08182082172445351 
000075 000085 0.9997267186377568 -0.02328633022304348 0.002056900759914037 -11.583753123209128 0.023274698982931576 0.9997139946121358 0.005506617324990299 -0.1474029418364318 -0.0021845419829184223 -0.005457234873988043 0.9999828029056161 -0.09295587491236013 
000076 000086 0.9998073195151452 -0.019619169079243378 -0.0003584041910650735 -11.60370918954794 0.019620806476243507 0.9997930731041736 0.005363694458107533 -0.11486083917153057 0.00025310156999927303 -0.005369689197916977 0.9999855118830154 -0.11736370969180003 
000077 000087 0.9998853788321236 -0.015130881571384916 -0.00044387764573357964 -11.646180041865765 0.015132875013062408 0.9998733884314892 0.004917087516645437 -0.08703484953836206 0.00036942147988556964 -0.004923245364505493 0.9999877427727554 -0.13802360905235178 
000078 000088 0.9999483988322236 -0.01015711478763856 0.00013455057516361678 -11.696425285355382 0.010156518504619103 0.9999408930587057 0.0038553749272137337 -0.056363844349760425 -0.00017370088765015801 -0.0038538148426476805 0.9999927555897854 -0.14454571438058528 
000079 000089 0.9999859237511688 -0.00514273652084859 0.001332193169073767 -11.728426727421898 0.00513853425430138 0.999981779649804 0.0031422611487298344 -0.01793098854413562 -0.0013483298741819346 -0.0031353718683315695 0.9999942438418037 -0.15078345125947726 
000080 000090 0.9999966915505566 0.00041895828994721325 0.0025177849536374306 -11.776916571635114 -0.0004213113178730804 0.9999994837447546 0.0009345369804863973 0.018643837800440002 -0.0025173930846605535 -0.0009355958833333633 0.9999964086318964 -0.15090278241536637 
000081 000091 0.9999790288283401 0.006343827040900381 0.0012983778055185838 -11.827374495398 -0.006341442753320787 0.9999783339689001 -0.001833610524115064 0.0530668911749891 -0.0013099831494135176 0.0018253390514760867 0.9999974398243541 -0.15174628524660572 
000082 000092 0.9999190900196643 0.012436633948418836 -0.0027150339872843237 -11.87559128805298 -0.012446070372618707 0.9999163842141664 -0.003492666076979519 0.08477915947672923 0.0026713686599708357 0.003526174744927944 0.9999901429057624 -0.15409670189873056 
000083 000093 0.9998017013363973 0.018790131553071476 -0.006600924966877758 -11.937226154017885 -0.018811377384305893 0.9998180594070122 -0.0031705251866141816 0.10805405157891648 0.006540148255437748 0.0032940712886098318 0.999973092732854 -0.16709739194532672 
000084 000094 0.9996564358320329 0.02469984283250108 -0.00877162012849475 -11.975618390255551 -0.02472826615243102 0.999689376666603 -0.003146432365984448 0.13254060794758138 0.008691181537501747 0.0033622609298254807 0.999956529045191 -0.1732054477190883 
000085 000095 0.9995245944048946 0.02968753760246502 -0.008327728236456427 -12.017976072500423 -0.029711891075612524 0.9995544662372607 -0.002816326582048804 0.15470895393240156 0.008240410777071942 0.003062421515414601 0.9999613303927436 -0.17926103132412452 
000086 000096 0.9994067404769686 0.033771756719329624 -0.006756509794059908 -12.057591750258894 -0.0337952891566632 0.9994228729665796 -0.00340178684147216 0.17685287114298004 0.00663772767790102 0.0036281079607140654 0.9999713445955511 -0.17513571813442777 
000087 000097 0.9992848105915383 0.03747037920265727 -0.005082809937470274 -12.10116752322074 -0.03749454172301466 0.9992855432748887 -0.004745009024935446 0.1873242741936592 0.004901381802312058 0.004932198172256132 0.9999758644007823 -0.16576954188683068 
000088 000098 0.999177765726571 0.04036498479140311 -0.0038169943043311473 -12.128011601336988 -0.040382538247255795 0.9991735904989324 -0.0046404424751515785 0.20136638290568987 0.0036265270079694984 0.004790778144006633 0.9999817799443924 -0.16684803128979356 
000089 000099 0.9990850997017242 0.04267768570367671 -0.0027420349706661655 -12.161510628081988 -0.04269148883922118 0.9990749411677581 -0.005190432248411203 0.20061824774495143 0.0025179845210415593 0.005302746280555608 0.999982830834375 -0.1572294325104517 
000090 000100 0.9990706135612245 0.04300952980253964 -0.0028425876705315857 -12.181925973187095 -0.04302845947407348 0.9990495155154461 -0.006974546905280015 0.1978336920645949 0.0025399132987411616 0.007090381531415765 0.9999715667643919 -0.15259776886065118 
000091 000101 0.9991316165840669 0.04153065499174101 -0.003347233888839237 -12.221295545331333 -0.0415564517058577 0.9991036556430323 -0.00804399584186893 0.1672926171396662 0.003010163693133176 0.008176104744485576 0.9999621190068452 -0.15055016054727122 
000092 000102 0.9992451325823616 0.038744566649341 -0.002814168467734575 -12.251435848122783 -0.0387681649984493 0.9992089266042647 -0.008878099975752209 0.13470997421972913 0.0024679642561511914 0.008980493160926549 0.9999566175051641 -0.15214082751946248 
000093 000103 0.9993607781289638 0.035693538840281494 -0.001932024555450447 -12.279478503358973 -0.035711186411501915 0.9993117816020008 -0.0100345629020305 0.10373129249252513 0.0015725275121772158 0.010097138369461025 0.9999477915560625 -0.16019960858443089 
000094 000104 0.9994664105471299 0.03261246795200827 -0.001814443671048803 -12.301354055609579 -0.03263024271280934 0.9994088401390814 -0.010826869040134269 0.06671915940627228 0.001460279336546397 0.010880299085474561 0.9999397713522117 -0.17027118797168822 
000095 000105 0.9995872332970549 0.028659819609204926 -0.0020030808394213536 -12.32715569082565 -0.028680848027211204 0.9995236638295485 -0.011406661519580624 0.04230266285154152 0.0016752132107141853 0.011459416691956303 0.9999328143202374 -0.17582408528707733 
000096 000106 0.999684457740719 0.02483073762475456 -0.0037987047767904657 -12.358795063617265 -0.024883403829880003 0.9995851561718252 -0.014509041278844049 0.013680477519108059 0.003436860396032678 0.014598998983344689 0.9998876031968674 -0.19040594407886835 
000097 000107 0.9997640511672531 0.020626757337861564 -0.006803714328336929 -12.385889496224841 -0.020726315526192054 0.9996741168658975 -0.014902216293255778 -0.007605376282542653 0.0064941147814901986 0.015039715749303484 0.9998658278085804 -0.21148313226612941 
000098 000108 0.9998445600329433 0.01601786720221346 -0.007356388081586747 -12.404456696638453 -0.016104249594212465 0.9998000723722317 -0.011838638506983358 -0.01626387406241324 0.007165290738764462 0.011955260084324687 0.9999029175756502 -0.21519989414260274 
000099 000109 0.9999081850446433 0.01196790670568882 -0.006352935634720152 -12.443673080874381 -0.012043869587846806 0.9998547053672125 -0.012056867864804604 -0.028909613303855608 0.006207719757386013 0.012132271280303626 0.9999070858662277 -0.19122092279996555 
000100 000110 0.9999350331295449 0.008913737528768473 -0.00710288394825975 -12.463996928791907 -0.008967886878798811 0.9999306767054275 -0.00762875063017678 -0.02008562522550139 0.007034394388259386 0.007691959480980865 0.9999457660550825 -0.1905621543092134 
000101 000111 0.999928377474568 0.007929885708961854 -0.008961533982215277 -12.491985850396427 -0.007950483767367473 0.9999657536684027 -0.002266140451929459 -0.01110165742976775 0.00894325777720037 0.00233722269604292 0.9999573262752826 -0.21292323515719808 
000102 000112 0.9999149380804054 0.007237317416042095 -0.010848300485134075 -12.519398280533524 -0.007224910880054103 0.9999731105945413 0.0011823971496929746 -0.014355443430293907 0.010856570531886838 -0.0011039217364188186 0.9999404575223925 -0.22100918527199284 
000103 000113 0.9999048758435096 0.006272847671441954 -0.012280855519990034 -12.53769522274104 -0.006195084104694655 0.9999605955798709 0.006359919551832922 -0.0022649916294094213 0.012320270633794242 -0.0062832293328811874 0.9999043124023064 -0.22241552089896122 
000104 000114 0.9999406369585829 0.005320794315733453 -0.009514799488376807 -12.573687756424722 -0.005220429619479664 0.9999307537683609 0.010541910520643218 -0.005049544341798072 0.009570233689683908 -0.010491616633461992 0.9998990940972708 -0.19719383264815615 
000105 000115 0.9999610631189835 0.004439297803408835 -0.007621494721694321 -12.596190412442695 -0.0043438738698149525 0.9999124754653385 0.012492742302810026 -0.010090278500994379 0.0076762880972424735 -0.012459161622177424 0.9998929660620992 -0.16596421734638556 
000106 000116 0.999975971884579 0.0036586168301783453 -0.005906974201826115 -12.618245430184404 -0.003548846146065406 0.999822712645546 0.018488213894054428 -0.008027662479317951 0.005973566895915687 -0.018466814382576597 0.9998115793140004 -0.16378563539937063 
000107 000117 0.9999912446925887 0.0026103634226039545 -0.0032789477218561 -12.638062454080908 -0.0025448724267364575 0.9998003873556698 0.01981856896541878 -0.010430744991584695 0.0033300283124054184 -0.019810052841757356 0.9997982490736552 -0.16924015647928536 
000108 000118 0.9999850653449934 0.0012305416997870039 -0.00533377597949361 -12.66242728327322 -0.0011355113183593453 0.9998412061540958 0.01778450298545781 -0.02189847812530557 0.00535481575640467 -0.017778189221670404 0.999827612579816 -0.18069136611365977 
000109 000119 0.9999672913072833 0.0003640201526934421 -0.008081906317628139 -12.68836859025933 -0.0002301071492778912 0.9998628132596071 0.016564656918054015 -0.03494079303279031 0.008086827555270315 -0.016562251210388883 0.999830109481264 -0.19715712493898152 
000110 000120 0.9999799814530098 -0.0006515295478564662 -0.006303984714257741 -12.705969434309182 0.000733874565620857 0.9999143954234246 0.013069123617242169 -0.05376616086170004 0.006294930075288889 -0.013073494125589924 0.9998946306400752 -0.19520693639505993 
000111 000121 0.9999928710760332 -0.0034665986121527074 -0.0014500356646963979 -12.721551000145542 0.003479349718451575 0.9999544215955888 0.008890085589583138 -0.049738970104485296 0.0014191545660730022 -0.008895064159797903 0.9999593391861081 -0.157322004006002 
000112 000122 0.9999925309323827 -0.0033005886405544265 0.0019973575197340695 -12.724184653178543 0.003286263682220337 0.9999692253155681 0.007137279121648973 -0.06551692933540323 -0.0020208554123043697 -0.007130649270849064 0.9999726099234892 -0.12787897663414238 
000113 000123 0.9999637660358628 -0.004386788584698839 0.007293967865747676 -12.727259696965893 0.004347767777081801 0.9999761789831515 0.005357384007871816 -0.06490156135117037 -0.007317298545386518 -0.005325476936151772 0.9999590737682199 -0.08433894505364153 
000114 000124 0.9999474036548885 -0.0045541622879497435 0.009177083618044935 -12.727170996302766 0.004545029628862828 0.9999891561807998 0.0010151903958461475 -0.06844808963161861 -0.00918160821697376 -0.0009734308643798115 0.9999574092309688 -0.04769570139046217 
000115 000125 0.9999556575865232 -0.004121627967192848 0.008467573531035399 -12.734136283034312 0.004128927089558828 0.9999910260010715 -0.0008441534143745134 -0.07843226025937233 -0.008464020107500797 0.0008790768777169085 0.9999638786053712 -0.058005302636863 
000116 000126 0.9999513515799017 -0.005264594467349401 0.00834039782771008 -12.71150676700326 0.005280924228809521 0.9999840827823087 -0.0019385244264483433 -0.061233564013471485 -0.008330060179246552 0.0019824726469084434 0.9999634112924889 -0.07365797592311032 
000117 000127 0.9999593924510456 -0.004023873921727886 0.008067098081030169 -12.714798231063702 0.004045651914505426 0.9999880889595194 -0.0026862807511956817 -0.06718926038775055 -0.008056196152725214 0.002718806982440895 0.9999638221462163 -0.09206171251403854 
000118 000128 0.9999562658020507 -0.0033798850157104533 0.008721765445223656 -12.699230053345886 0.003400849430764432 0.999991505751374 -0.002390512377935649 -0.05766912114055228 -0.008713612321788695 0.0024200717434045703 0.9999590998395871 -0.11934586777810963 
000119 000129 0.9999455819411405 -0.0023012281794259483 0.01017170152043961 -12.69479286704945 0.002308023017294296 0.999997114149178 -0.0006559634330025863 -0.05152622603584425 -0.010170163915207298 0.0006794052048919127 0.9999480398518849 -0.1459235573886827 
000120 000130 0.9999622186657108 -0.0013218545149489827 0.008594380370923149 -12.674500929989874 0.0013317721022979394 0.9999984005283772 -0.0011488514399427107 -0.04043696750231203 -0.008592848977940803 0.0011602521523553938 0.9999623639687554 -0.14154920294644957 
000121 000131 0.9999758703431435 -0.00030097435395893326 0.0069404769810378925 -12.672114024370309 0.000305169233648933 0.9999998173702714 -0.0006026173438810456 -0.03076737551909138 -0.006940296325537621 0.0006047225650268185 0.9999758248987377 -0.1713573808482837 
000122 000132 0.9999932454229047 0.0010563977594012217 0.003525089703257968 -12.669099210444838 -0.0010558443911599666 0.9999993286110489 -0.000162187625122451 -0.02344530896837438 -0.003525259637312769 0.00015846300751821114 0.999993749761857 -0.19197486101239838 
000123 000133 0.9999974860880302 0.0020495114536269684 -0.0008914123296414225 -12.656471064535221 -0.002051518327291026 0.9999953956226825 -0.0022559060695095706 -0.014508837206780374 0.0008867861323227414 0.0022577287728135875 0.999997180754195 -0.19705801279039564 
000124 000134 0.9999895601893848 0.003252568283240602 -0.003262921268448742 -12.657447410733855 -0.003259514571091122 0.999992474423612 -0.00212510466591039 -0.0191761465905997 0.003255982914378536 0.0021357277448602542 0.9999924918730378 -0.1925747393706555 
000125 000135 0.9999857246755193 0.004212845335420125 -0.0032945217546103867 -12.649990994389002 -0.004225090041684824 0.9999841107081314 -0.0037184786740718056 -0.016309332614917106 0.003278802037329263 0.0037323465690854455 0.9999876660720519 -0.1748681267036772 
000126 000136 0.9999854588390156 0.004744941803468435 -0.002537346949702722 -12.647836571754802 -0.004755375889650764 0.9999803556019609 -0.004126848354039968 -0.020105332415238104 0.0025177152175374015 0.004138856558899513 0.9999882904953489 -0.1680372987020606 
000127 000137 0.9999847479741976 0.005281340355026996 -0.0016296815418226306 -12.643720740492052 -0.005286522945902456 0.9999810260275369 -0.003199581675089194 -0.016192788485565865 0.0016127526746579249 0.0032081581032025277 0.99999360619821 -0.1593843677628375 
000128 000138 0.9999829585039834 0.005800777703894612 0.0005281699298703525 -12.633885994716971 -0.005798977819783566 0.9999775326820368 -0.003347437519362869 -0.012806424215977795 -0.0005475741535741064 0.0033443176064323864 0.9999943072735793 -0.1427760591962973 
000129 000139 0.9999804016922464 0.006151046988512114 0.0011680084617338394 -12.646017333435237 -0.006147573129861058 0.999976780627032 -0.002948480135764389 -0.015905558460409433 -0.0011861178404305069 0.002941241017223628 0.9999950517827872 -0.14795197770268 
000130 000140 0.9999792417982403 0.0063938165039911215 -0.0007530397778419763 -12.635585585052604 -0.006395550848683947 0.9999769449613173 -0.0023379199604151354 -0.01133523537748976 0.0007380724608596904 0.0023426910026612207 0.9999970214545583 -0.1640151223010792 
000131 000141 0.9999797640019917 0.006254078517523247 -0.0011366175341878248 -12.644394822572659 -0.006256848614613371 0.9999774655994638 -0.002452075408456887 -0.009201511815486473 0.0011212549495763025 0.0024591324333281812 0.9999962764670676 -0.17233094377121846 
000132 000142 0.9999781308954182 0.006592080950320813 -0.0004889220303473225 -12.644203683733355 -0.006593807009134328 0.9999717748556736 -0.0036085489858877205 -0.014085678451691515 0.0004651189427253031 0.0036116906696126282 0.999993403626943 -0.17428569744435124 
000133 000143 0.9999791497978202 0.0064544732259689845 -0.0002976665431361588 -12.65087753249985 -0.006455265175631596 0.9999753681845347 -0.002746658483959545 -0.01554876513822967 0.00027993083528090663 0.0027485189398764576 0.9999961311107878 -0.18296842046001857 
000134 000144 0.9999784061543253 0.0065510003983029926 -0.000469147014518689 -12.655656577321142 -0.006552414807953661 0.9999737975848281 -0.003100220110225879 -0.015127779427725432 0.0004488253696218138 0.0031032195026432004 0.999994921885106 -0.17310794651761935 
000135 000145 0.9999796050180485 0.006289625469943939 -0.0010647573623527734 -12.660626051040293 -0.0062938414354969325 0.9999722639121954 -0.0040045645762256405 -0.017339465910266368 0.0010395398139862433 0.004011188670751348 0.9999912981759569 -0.16598474688651704 
000136 000146 0.9999814355466854 0.005916632857884774 -0.0014800634607281555 -12.658732962997542 -0.005920835214670492 0.9999782387776515 -0.002853422182608749 -0.016633909417267244 0.0014631470952935622 0.002862140023430997 0.9999947307410418 -0.17301186628634688 
000137 000147 0.9999828423326984 0.005750271694147475 -0.0010634642825393301 -12.6563545851882 -0.0057533812572557325 0.9999791217120526 -0.0029319656701431475 -0.023152931998512122 0.0010465840966561433 0.00293802426761794 0.9999952036868526 -0.15849746014869726 
000138 000148 0.9999876181686864 0.004919235127933855 -0.000613546846895743 -12.653255197440778 -0.004920412128637314 0.9999861240573754 -0.0019442589479823757 -0.02825856804761069 0.0006039729603961873 0.0019472568226138194 0.9999979199963559 -0.13936992769426904 
000139 000149 0.9999905822728051 0.004291306431259428 -0.0007200244327909397 -12.648620318406728 -0.004290522216640608 0.9999902707614304 0.0010890616185195853 -0.025238221320254065 0.000724689320308382 -0.0010859644349821024 0.9999990784817424 -0.15179576104293335 
000140 000150 0.9999889495561032 0.0038818844304749777 -0.002601001182424209 -12.647450760290196 -0.0038791714890867896 0.9999918759618861 0.001044284115553938 -0.024838123689750913 0.002605037752561206 -0.0010341877804293798 0.9999960994051296 -0.1870458755966445 
000141 000151 0.9999731090596156 0.003399505245682814 -0.00650631881525024 -12.630588330303423 -0.0033766546357428887 0.999988077357888 0.003521986776008527 -0.024447354647629205 0.006518214277675028 -0.003499918538222191 0.9999726453409864 -0.24751923658656613 
000142 000152 0.9999786499100594 0.0028041232221931857 -0.005903637548562153 -12.631493471924195 -0.0027865647925557125 0.9999916612030587 0.00297949871396228 -0.026290479371420844 0.005911946387881155 -0.0029629911046380633 0.9999781211249223 -0.23808617569342977 
000143 000153 0.9999952013626645 0.0018297670500356292 -0.002482808993575618 -12.618403569259971 -0.0018284634952909495 0.9999981576248964 0.0005312183802042433 -0.04020464964795312 0.0024837755514415315 -0.0005266731385356712 0.9999967396611328 -0.19312122526901188 
000144 000154 0.9999975496495924 0.0016847110985997423 -0.0014155505399594296 -12.603349691729433 -0.0016845949176102792 0.9999984744681922 8.801052144863998e-05 -0.038222822559029035 0.0014156970765289067 -8.562308680393838e-05 0.9999990173269898 -0.16640491173158614 
000145 000155 0.9999972642768061 0.0012182738656297777 -0.00197552356483669 -12.580165017622523 -0.001214635603914395 0.9999974537480643 0.0018391217191354823 -0.03631909780692448 0.0019777609327381192 -0.0018367160535264064 0.9999963583401508 -0.17082448481839838 
000146 000156 0.9999957682389637 0.0006845092879936963 -0.002837492611731626 -12.567887214265612 -0.0006783013569626185 0.9999974348591143 0.0021924747352029764 -0.03520470395248017 0.0028389865538158655 -0.002190539448988352 0.999993601446488 -0.1896300981990644 
000147 000157 0.9999826040227042 0.0004340735336725356 -0.0058918360464153 -12.549082622356037 -0.00042054575773293925 0.999997152014768 0.002296449853972799 -0.04589549019441165 0.005892816026676429 -0.0022939290205234338 0.9999799443637181 -0.20899144181849716 
000148 000158 0.9999661335902772 -0.0005429827943458676 -0.008215537730561356 -12.5213833278424 0.0005578385829337814 0.9999980839727901 0.0018068373429526725 -0.04832266563176227 0.008214542000287995 -0.0018113643309959928 0.9999645060118099 -0.2271319683368245 
000149 000159 0.999968445169017 -0.001847385969566172 -0.007722653903607582 -12.488005160107141 0.0018378626231080998 0.9999974121660663 -0.0012380755637599488 -0.07160097794753173 0.007724924885058519 0.001223851469280699 0.9999695347831603 -0.20236987294813213 
000150 000160 0.9999904150144291 -0.0035231167094396955 -0.0026718417709094434 -12.471304940538287 0.003523374925519313 0.9999938324360322 9.632981302301217e-05 -0.08679911436081449 0.002671485009311674 -0.00010573260887345035 0.9999963691029199 -0.19131879061837842 
