000000 000010 0.9912445051806517 0.1319071559181948 0.005899792432307153 -1.2690697225028855 -0.1319163707633769 0.991259984032867 0.0011854330562933873 -0.0038435981508816996 -0.005691862578317819 -0.0019533352837066567 0.9999819443999564 -0.003005051581305901 
000001 000011 0.9887278733344399 0.14957817003003057 0.006605359661256208 -1.3571191036324606 -0.14955945547046876 0.9887472992522998 -0.0032443727653302364 -0.0032700518794608058 -0.007016319323345538 0.002219907247360688 0.9999729943011496 -0.007907003117826746 
000002 000012 0.9857399388490036 0.16801065941127818 0.009442490342693777 -1.4444205155886793 -0.16794386693604887 0.9857681733162873 -0.007479270583056592 -0.0052868319417244125 -0.010564705386453977 0.005786810296255819 0.9999273591120797 -0.006121151506386774 
000003 000013 0.9821764243488303 0.1876908445365823 0.010081079449098244 -1.545743439749246 -0.1875966421132381 0.9821992149075186 -0.009603573084184728 0.0023191166131446977 -0.0117041336970773 0.007541232195538982 0.9999031757926269 -0.00818802852955359 
000004 000014 0.9780832895008449 0.20802722174219748 0.0088168504771109 -1.6390290290394518 -0.20793717794581504 0.9780895911899543 -0.010138088920280773 0.009464719640905131 -0.010732672414528396 0.008082540673836828 0.9999096399760771 -0.014051812114282481 
000005 000015 0.9736331540463731 0.22800234426396723 0.007298778050405497 -1.7307174924929256 -0.22791279032467585 0.9736150649575739 -0.011373701278550974 0.021450405823066364 -0.009699432004005736 0.009410325869777646 0.9999086713269195 -0.016758563523770618 
000006 000016 0.9690190346077558 0.24692096987874393 0.005682071278300169 -1.82227848008453 -0.24682715041855413 0.9689640482868487 -0.013599048172601306 0.03190201663787723 -0.008863618327715428 0.011775253569361679 0.9998913473835299 -0.020543242559142152 
000007 000017 0.964127708422269 0.2654038047572436 0.004302458269450345 -1.8988703064272239 -0.26530672171350567 0.9640328899281608 -0.015902519355820426 0.04428516725523465 -0.00836829523969486 0.014190588684735899 0.9998643239979055 -0.028247799005875273 
000008 000018 0.959412837408241 0.281983438071635 0.0035200232230651147 -1.9532993326569124 -0.28186127679461576 0.9592465236326928 -0.020003882720037752 0.05073824488968537 -0.009017336027854041 0.01819982767690561 0.9997937087937819 -0.029923359058482382 
000009 000019 0.9549342129914309 0.29679939629725854 0.0032689257711334503 -2.0257930311097954 -0.29664874152741183 0.9547051051671295 -0.02319190742414256 0.05612748261033458 -0.010004200864234375 0.021177030309538478 0.999725780973435 -0.022384314708762114 
000010 000020 0.9501147442266947 0.3118937505382971 0.002115313543410947 -2.084340591857847 -0.31175467977316695 0.949855604638243 -0.02415768727932499 0.06969558544519514 -0.00954387005581273 0.022293130649403897 0.9997058517145871 -0.015367359035429545 
000011 000021 0.9448296140295654 0.32754153737054875 0.0036731352773776114 -2.1271243143980407 -0.32744504408463343 0.9447323831756357 -0.016142726402786862 0.09343121236723062 -0.008757543930823284 0.014049380366381438 0.9998629914670587 -0.008146248702171729 
000012 000022 0.9390291482517703 0.34382072670774216 0.00339433997431069 -2.1840995425853 -0.3437856267491855 0.9390131870202161 -0.0081067917599519 0.12707935779797164 -0.005974604981986129 0.006445593015688828 0.9999614287074203 -0.00917507360855747 
000013 000023 0.9322148696229614 0.3619031545948731 0.001158644147915329 -2.2223453246237375 -0.36189429537726797 0.9322071588831992 -0.004712351852263841 0.1508153220981056 -0.002785506607817565 0.003973615891071343 0.99998818979873 -0.016322558953374606 
000014 000024 0.9247070829389026 0.3806752284112506 -0.0017262616646572721 -2.278629176179814 -0.3806758601036838 0.9246717647073656 -0.008244769720303736 0.16576206560486023 -0.001542345539073064 0.008281152854218222 0.9999644885191412 -0.02047451852440474 
000015 000025 0.9165616624736467 0.3998899617589172 -0.0016499537547611759 -2.330607130998669 -0.39988525234778544 0.9165088744195564 -0.010164991912301321 0.1870456743930548 -0.002552675330385486 0.009976639217805403 0.9999470398075011 -0.022815919900306902 
000016 000026 0.9078156888480358 0.41936826132281063 0.0008858825281468784 -2.3575174724793415 -0.4193487304473478 0.9077905571665098 -0.007939322056967681 0.20236143734614656 -0.00413368887917442 0.0068359448070481514 0.9999681206202513 -0.016918877720600356 
000017 000027 0.8986714064234175 0.43862139604684347 0.0010262753733204192 -2.4267550016112303 -0.4386205677441692 0.8986717988165621 -0.0009477742925907993 0.24330732607967098 -0.001338007152655631 0.00040160043257074426 0.9999989270324804 -0.020302946689300768 
000018 000028 0.8888041779478275 0.45828371984517563 0.0017990844004203128 -2.4885339704391205 -0.45828669090686797 0.8887914286174732 0.004784644664817357 0.2823366783130566 0.0005937203483007736 -0.00507711535629636 0.9999869399602715 -0.02051533025963122 
000019 000029 0.8786752258122992 0.4774086513667277 0.0033220421338082604 -2.5372913867648914 -0.4774149268623174 0.8786109555222428 0.010864984361732907 0.30296137297910364 0.0022682502036509796 -0.011132779014627722 0.999935405845466 -0.025529148212096127 
000020 000030 0.8684246397494344 0.4958130379308964 0.002836062396005879 -2.6312960280313535 -0.49580472978148765 0.8683352482005612 0.01309934113335732 0.3387180704768801 0.004032173577969594 -0.012781926402793275 0.9999101485805364 -0.034511201907515936 
000021 000031 0.8585946772957317 0.5126505631456917 -0.002126729516287441 -2.7138718308051155 -0.5125898859898466 0.8585442677893987 0.012375337095516241 0.36444727073264216 0.00817012248310734 -0.009535258942826438 0.999921252021958 -0.04182472323686922 
000022 000032 0.8499765458569725 0.5267960066881492 -0.005094302621524224 -2.7898449198408004 -0.5267431867126058 0.8499777449534914 0.0089067613264757 0.362665846805181 0.009022090612816535 -0.004887152313422456 0.9999473419553918 -0.040443747033407196 
000023 000033 0.8424826962019114 0.5387000408558216 -0.0050543302707265515 -2.9060859726660593 -0.538648889656335 0.8424847766873448 0.008764801849263548 0.4130214998493625 0.008979803704927266 -0.004661672988451973 0.9999487693553035 -0.04245092332884709 
000024 000034 0.8376922029872298 0.5461391630705897 -0.0018793782947217985 -2.977882871492214 -0.5460839420554562 0.8376478526052001 0.011777061496195347 0.42511091004695883 0.008006181444584662 -0.00883925633680249 0.9999289793859668 -0.039247152097464814 
000025 000035 0.8343572864349327 0.5512203097572946 -0.002039190127332949 -3.0960896542742757 -0.5511414060115604 0.8342904838878031 0.014225962175020448 0.46163805732665314 0.009542923814540211 -0.010745649194276662 0.9998966124336147 -0.04455598011635596 
000026 000036 0.8334637887943824 0.5525566895363203 -0.004388718423566092 -3.2202288021994647 -0.5523953264037748 0.8333698254786251 0.018818749171632246 0.5105535898472991 0.014055858630622848 -0.013260435406321889 0.9998132228829183 -0.0629595052459753 
000027 000037 0.8362866032839511 0.5482379515230121 -0.007724676750670192 -3.3216584794189754 -0.5480767496215199 0.8362699321549814 0.016273982282064742 0.5020188884803758 0.015381943437254882 -0.009376004226044765 0.9998377726443256 -0.06479958577688834 
000028 000038 0.8410955378447436 0.5407911609331453 -0.010158664699677704 -3.468353199972733 -0.5407098781530405 0.8411524421800816 0.009761143870311654 0.5072193246970285 0.013823734715343684 -0.0027171583492428125 0.9999007469132486 -0.05934453529463815 
000029 000039 0.8489949519356078 0.5283052931643862 -0.010047978572284793 -3.6008607692654793 -0.5282839507915223 0.8490535680073902 0.004896779665499932 0.5081831044077099 0.011118273112139478 0.001150843986962092 0.9999374668147969 -0.04745622172167181 
000030 000040 0.8596538983082797 0.510822561908223 -0.007440484321172882 -3.7476239495346646 -0.5108292127091025 0.8596813821802132 0.001120329448118728 0.47888146153553734 0.006968739014199219 0.0028377196068186334 0.9999716572581487 -0.03374277817804888 
000031 000041 0.8724221560907404 0.48873692158687726 -0.00397068484920052 -3.8987951841878985 -0.4887438320710726 0.8724268497985834 -0.0009446649355044214 0.4647222308440395 0.003002440885543744 0.002764795959370535 0.9999916699481526 -0.02260818126057895 
000032 000042 0.8860987250660772 0.46349596729488995 -0.0006474895039911655 -4.048640942518353 -0.4634964061727125 0.8860982823175323 -0.0009164619978038112 0.46394511353855517 0.00014896194004934563 0.0011121886809502585 0.9999993326223524 -0.01669498200182017 
000033 000043 0.901136377778537 0.4335263209372347 0.0028342940811628852 -4.196732154236925 -0.4335230743682969 0.9011409017193162 -0.0017076227539380491 0.4205215189833147 -0.0032943997893457224 0.000310072796726476 0.9999944574265389 -0.004410832438000551 
000034 000044 0.917128511311238 0.3985410958407425 0.006343255513273665 -4.359969850633968 -0.39851859576961407 0.9171488885166573 -0.0045395104686250356 0.4051248120010578 -0.007626893875889205 0.001635414569091038 0.9999694746802237 0.0026675888352483547 
000035 000045 0.932880600661491 0.36004995623789393 0.009889787277377805 -4.517023097058425 -0.3600059314901168 0.9329309346713269 -0.005972475124882848 0.3491005357136446 -0.01137687485563009 0.0020112274511085515 0.9999332056921855 0.019714375683506785 
000036 000046 0.9473431471678876 0.3200555533924559 0.010255037586602109 -4.689575510175871 -0.31996961285167086 0.9473832603372085 -0.009182001320122075 0.30130327412301744 -0.012654202580835768 0.005417207330951635 0.9999053380733486 0.01663664455739588 
000037 000047 0.9600703519543766 0.2795835207034885 0.009903504258214353 -4.859901863726016 -0.2794736968093038 0.9600885448451187 -0.011157317285499133 0.25502329503622645 -0.012627647482527636 0.007944042556072962 0.9998887235972109 0.00421278391471444 
000038 000048 0.9708131941177515 0.23963898752125978 0.009740146109270273 -5.020931412921221 -0.2395472803809616 0.970836323012896 -0.009702591541161628 0.20634657766155343 -0.0117812117308365 0.007086183124722751 0.9999054160013033 -0.012381925399485884 
000039 000049 0.9793273060565456 0.20212754522668738 0.00791046481749286 -5.1780010388762 -0.20207883015969427 0.9793473330453137 -0.00653556002689834 0.1658716590930996 -0.009068105707831071 0.004801914183063621 0.9999473728308272 -0.019995691618679555 
000040 000050 0.9861081810188039 0.16602984137433927 0.0049855344508186 -5.340062920325372 -0.16602237211970391 0.986120262559557 -0.0018700885758581706 0.12136289634872308 -0.005226828970948487 0.0010164017625204657 0.9999858370866401 -0.024354036782944236 
000041 000051 0.9914392167761275 0.13056553719068917 0.0010574706357283853 -5.506608942951854 -0.13056632658959055 0.9914392622152263 0.0006894343482158021 0.08055111259510095 -0.0009583998794142373 -0.0008216004139137517 0.9999990884174326 -0.04284598554960441 
000042 000052 0.9951454868747568 0.09834389026954278 -0.0037775312417808217 -5.688906078797208 -0.09834476873853151 0.995152374342252 -5.107441881505157e-05 0.035819552740502705 0.0037542093279207826 0.00042232647205054394 0.9999928978461771 -0.060298669782129354 
000043 000053 0.9975458848784483 0.06975360248693305 -0.006059295396111027 -5.837730265957507 -0.06974964463367113 0.9975640500045478 0.0008632132191691663 -0.000878158114667623 0.006104742514447427 -0.0004384679964973445 0.9999814015069216 -0.06586674379454148 
000044 000054 0.9988780678674025 0.04687276205568355 -0.006762895348215205 -6.000777468608897 -0.04688177895205202 0.9988995906627528 -0.0011804447732834656 -0.025267796113871317 0.006700114236326498 0.0014961796055043448 0.9999764949164769 -0.05658193002577481 
000045 000055 0.9995576922481004 0.02860653700618871 -0.00810737763273533 -6.163730677188441 -0.028627597025993348 0.9995869487876311 -0.002492219033009047 -0.040454952324699006 0.008032731204896426 0.0027232102231528905 0.999964080982213 -0.05239579881341657 
000046 000056 0.9998517686727295 0.013798530864591605 -0.010303307867357685 -6.304065842716865 -0.013821283427994156 0.9999023049136925 -0.002139674769402238 -0.05263342340649964 0.010272779657757788 0.0022817642160993966 0.9999445329944061 -0.06294764403037897 
000047 000057 0.9999249395751282 0.002534973889556752 -0.011986907298221123 -6.483894864543603 -0.002556495479281692 0.999995149577981 -0.0017805493180146719 -0.061096894788850456 0.011982335403013125 0.0018110578371112553 0.9999265536392031 -0.07871192599596176 
000048 000058 0.9998984823695946 -0.006416630729174679 -0.012725628880428951 -6.6131779953776455 0.006429476816357393 0.999978894960294 0.000969981619893823 -0.06418966408693792 0.012719149271427565 -0.0010517020678841448 0.9999185734613645 -0.0973711484973237 
000049 000059 0.9998560667339549 -0.01247615214469728 -0.011486047679464905 -6.7877512591945 0.012464260217631515 0.999921787979318 -0.0011052903177240334 -0.0706845764405869 0.011498935033116426 0.0009619739523485156 0.9999335300852521 -0.08678599334674045 
000050 000060 0.9998360885076016 -0.015931034213785587 -0.008599189713679995 -6.927020251524384 0.015882875317679877 0.9998580358249466 -0.005635811971752629 -0.08391678243741044 0.008687755377850104 0.005498311949633071 0.9999470626077257 -0.06801274296903845 
000051 000061 0.9998405903021723 -0.016784252046027657 -0.0060924266614797275 -7.070489656475335 0.016736267544951052 0.9998291990382364 -0.007846878945311537 -0.09446678853614993 0.00622309369042268 0.007743666474873997 0.999950842925398 -0.06383767147331436 
000052 000062 0.9998458901786833 -0.01664421883987859 -0.00559148987202227 -7.211782054750846 0.01661923758754053 0.9998519194960594 -0.004484072576754305 -0.09151895516332222 0.005665294152842977 0.004390459499492001 0.9999741652969271 -0.06776452856970669 
000053 000063 0.9998396373845742 -0.016218085970910786 -0.007599683628410129 -7.336901975487365 0.016206486162030433 0.999867434541551 -0.0015847576207478375 -0.08038011238409833 0.007624385405229385 0.0014613432591962727 0.9999698054873934 -0.07827587333936113 
000054 000064 0.9998303383488181 -0.015245397575571263 -0.010342947370717616 -7.486712331933993 0.015279697118180986 0.9998781206311188 0.003246621819425404 -0.07770709590220576 0.010292188164416382 -0.0034041115925760633 0.999941288248814 -0.09212170246817844 
000055 000065 0.9998727982584562 -0.014821886669685784 -0.0059003858567445375 -7.601759562792781 0.014840541161827535 0.9998849889476263 0.003127990603456353 -0.0756885330157602 0.005853343749994928 -0.003215151417715297 0.9999776276561153 -0.06378364859828536 
000056 000066 0.9999035176610066 -0.013615754078651928 0.0027886057606211954 -7.71120342762773 0.013610269978447935 0.9999052996047174 0.0019692125202509644 -0.07136897399244103 -0.0028151640555601513 -0.0019310678177626415 0.9999942072497071 -0.008993537130815533 
000057 000067 0.999882299697195 -0.011412594177343863 0.01024271200980165 -7.801529037880131 0.011366180771877357 0.9999249656919166 0.004578940776604521 -0.05962343547277313 -0.010294198702781194 -0.004461980484442204 0.9999371072957486 0.031046096053131217 
000058 000068 0.9998950068812728 -0.009325053240959275 0.011075341133304505 -7.9040682349565525 0.009270523053510811 0.9999447001690102 0.004966242878200773 -0.044326940096688014 -0.011121049016287842 -0.004863049351329568 0.9999263684414664 0.0486692002030776 
000059 000069 0.9999626155188865 -0.007233122529398235 0.004756144442148998 -8.01344421813938 0.0071921904077662975 0.9999374055524157 0.00855849582755647 -0.0392568446016953 -0.004817745806675045 -0.008523980161635395 0.9999519776715521 -0.035158460353940026 
000060 000070 0.9999755788324918 -0.00523546360962171 -0.004619241413344431 -8.107732138052192 0.005282593757465327 0.9999335677189676 0.010250355515688628 -0.028317495258335434 0.004565267918542123 -0.010274510822329936 0.9999368148910109 -0.10883798624605664 
000061 000071 0.9999373416826063 -0.003557331297580814 -0.010606027157709618 -8.179456570240635 0.0036583987949752304 0.999947833468949 0.009526908671125486 -0.02176189363542584 0.010571582559307421 -0.009565117385655304 0.9998982494619452 -0.16546866561271126 
000062 000072 0.9999562086495967 -0.0016023959595317934 -0.00921778773593764 -8.23436048992224 0.0016710339488017801 0.9999709081754871 0.007443233299781528 -0.023231914417157336 0.009205584743829955 -0.007458312182010772 0.9999299153428196 -0.17739106753834 
000063 000073 0.9999901172647826 -0.00021602442213364406 -0.004432731453119333 -8.278582329536007 0.00023184749427789257 0.9999935969185589 0.003566414064127405 -0.027504659041762178 0.004431930580913631 -0.0035674108771258928 0.9999838323492815 -0.14852047037627195 
000064 000074 0.9999988301511217 0.0015566207952921354 -0.0002129925734680849 -8.311903768019958 -0.0015565505271176272 0.9999985956893475 0.0003601811306354148 -0.02855428179510401 0.0002135681520461901 -0.0003598484712376902 0.9999998517884661 -0.11540063336596429 
000065 000075 0.9999836812561117 0.002403346467080633 -0.005198540996307989 -8.357971213619319 -0.0024132958633891173 0.9999951597196212 -0.001903710828262516 -0.03476841581561946 0.005193944938813554 0.0019162155097903852 0.9999846976646501 -0.11917293312113125 
000066 000076 0.9998867806246592 0.0024003571354823294 -0.014848856212608277 -8.382408975061134 -0.002407822867657525 0.9999969951814021 -0.0004865763823934931 -0.037297824695411916 0.014847658800462769 0.0005222791079402355 0.9998896034395246 -0.15159731970383022 
000067 000077 0.9998416523890575 0.002078989579875768 -0.017678073461703477 -8.389414114623174 -0.002144692224254291 0.9999907861728361 -0.0036976994423513674 -0.04412141763810805 0.01767022417966704 0.003735033447684712 0.9998368464382071 -0.14863337146233618 
000068 000078 0.9999250662209547 0.0008536236823275195 -0.012217173771995198 -8.398193910805915 -0.0009681594854916851 0.9999556168602437 -0.009371754612059668 -0.056250890231064415 0.012208643878020552 0.009382882539206812 0.9998814307131565 -0.10648468942223574 
000069 000079 0.9999982631054801 0.0006079302774578613 -0.0017366446478365688 -8.381300872119306 -0.0006271993816660002 0.9999378832961215 -0.01113222045349365 -0.05933404427518611 0.00172975964069614 0.011133300808590742 0.9999366157787655 -0.05465995683471863 
000070 000080 0.9999898441206093 -4.054027520751149e-05 0.0045462573692000045 -8.374914104844366 8.17040970701884e-05 0.9999589877632992 -0.009060453361402415 -0.06352564051772075 -0.004545705869206802 0.009060729880864923 0.9999487009443672 -0.05306447049544924 
000071 000081 0.99997225559376 -0.0009697829758558155 0.007394547635706692 -8.365157128747486 0.001010915708076457 0.9999841296764539 -0.005559520533067727 -0.06264970123587911 -0.007389042502746873 0.00556684287260755 0.9999572381636105 -0.0789227878881624 
000072 000082 0.999993285348896 -0.0016532818524641994 0.00329597471874965 -8.36872850854682 0.001668361352498612 0.9999879460210258 -0.004582096775750791 -0.06526637991520975 -0.0032883537473674986 0.004587562173158625 0.9999840725025612 -0.112876159953138 
000073 000083 0.9999854927849587 -0.002576540646626539 -0.004729128495324234 -8.365604280352215 0.0025750757614647003 0.9999966605918589 -0.0003124962830808964 -0.06325848855532935 0.004729911639256779 0.0003003190648100093 0.9999888086237324 -0.16343827437753114 
000074 000084 0.9999411880360668 -0.00301700256246493 -0.010418585739549794 -8.366973034964447 0.0030100256527417608 0.9999951937610531 -0.0006846905017189941 -0.057942250094993736 0.010420595616189587 0.0006532895691900339 0.9999455473743666 -0.19850109530288432 
000075 000085 0.999954917615062 -0.003246709480813524 -0.008911235542281582 -8.36630577430763 0.00327313504755736 0.9999903777577859 0.002950958443559156 -0.04906373987967573 0.008901572459221449 -0.0029799955236647297 0.9999559354965163 -0.19094880541465586 
000076 000086 0.999987835398601 -0.0034664635950192755 -0.0035525441048008745 -8.351468477946794 0.00346775493122316 0.9999938688204056 0.0003626678744966054 -0.04576619021418673 0.003551260383860968 -0.0003749851920433446 0.9999936741329455 -0.1492384589511881 
000077 000087 0.9999931993090624 -0.003624014058020891 -0.000719971859024137 -8.343183542911433 0.0036228237709611394 0.9999920359727017 -0.001645800750285456 -0.05084954958968374 0.0007259339117211577 0.0016431801965148276 0.99999839938135 -0.10133834108828495 
000078 000088 0.9999905758776211 -0.0033904247620497297 -0.002678048947415682 -8.333098876473128 0.003381226218933447 0.9999883500863547 -0.003424309587141377 -0.05881848652344613 0.0026896197391205285 0.003415218272911218 0.9999905927698032 -0.08060611070674306 
000079 000089 0.9999861461164579 -0.0028406666983501008 -0.004422069844536503 -8.330169631148914 0.0028173975161967686 0.9999821565450595 -0.005261775489536447 -0.05552124123101272 0.004436937772514686 0.005249237606578412 0.9999763915285185 -0.06481767467199223 
000080 000090 0.9999979143071571 -0.0014055150337733307 -0.0013985551655573243 -8.32550542249393 0.0014043529911459476 0.9999987041704165 -0.000875135843150901 -0.049605573394021836 0.0013997777218724855 0.000873168048011296 0.9999987066886117 -0.05464917931633759 
000081 000091 0.9999930480346423 0.00026954134323763334 0.0037078869986384637 -8.304108118200856 -0.00026344237477303207 0.9999986386779667 -0.0016421577863072604 -0.03024638334738155 -0.003708317903353831 0.001641161482529807 0.9999917853218596 -0.01884179116581386 
000082 000092 0.9999520615968801 0.001605875527679362 0.009651626979724395 -8.290656099992992 -0.0016188925829511626 0.9999978467621875 0.0013420483528261563 -0.020542555058436683 -0.009649456616967375 -0.0013576034842226763 0.999952522692127 -0.005337392421371358 
000083 000093 0.9999147753036625 0.0039298001987534605 0.012436307882960329 -8.269291536357688 -0.003938061020986787 0.9999919758496126 0.0006405002944014053 -0.010897360112927842 -0.012433695990483782 -0.0006894203725909518 0.9999223999676009 -0.03970922185423146 
000084 000094 0.9999320897363567 0.005638148367746841 0.010198134361104737 -8.266193777855992 -0.00569429296589301 0.9999687993051238 0.005485133430077508 0.008156901176036749 -0.01016688894943707 -0.005542833868737267 0.999933010871372 -0.10037587394905464 
000085 000095 0.9999470857172811 0.007769419263120779 0.006728823680065429 -8.246120144285321 -0.007814384662153217 0.9999471508873752 0.006682313309680913 0.01950075088236372 -0.00667655105269253 -0.006734532089910174 0.9999550825800341 -0.1448598506782591 
000086 000096 0.999950888158752 0.009347359004353205 0.0032349730474314138 -8.245076497284721 -0.009369721891784154 0.9999318406953386 0.006965487823372604 0.031600500575981426 -0.003169644888199078 -0.006995463312588409 0.9999704353412511 -0.1459225736692834 
000087 000097 0.9999367604052499 0.010958496703168253 0.002470372704288666 -8.217027038366211 -0.010971946566539208 0.9999246700985686 0.005507166097030534 0.023450365772117447 -0.002409834120344461 -0.005533929360836868 0.9999817776733755 -0.12699458170901937 
000088 000098 0.9999176211524565 0.012507192021594645 0.0028806349607131566 -8.189470362634646 -0.012516859659981368 0.9999160198985075 0.003367497561206438 0.01799585718261288 -0.00283826666688335 -0.003403276277728702 0.9999900422726056 -0.09859168047450757 
000089 000099 0.9999149748034095 0.012867460342325712 0.002109185255395035 -8.15700542703797 -0.0128731006082624 0.9999136206557028 0.002678694673506519 0.016870446459107652 -0.0020745305468972113 -0.002705610203755629 0.9999940540527038 -0.09459043178979698 
000090 000100 0.9999103990362274 0.013382334511161687 -0.00034021740026443957 -8.126085834894655 -0.013382577083160312 0.9999101904618419 -0.0006012523067463903 0.008526462138361626 0.0003321463892358759 0.0006057669711816965 0.9999998112783288 -0.10976691423818974 
000091 000101 0.999900107884204 0.013132481821982097 -0.005204459159609918 -8.10260386621614 -0.013144819244569818 0.9999110242837199 -0.0023472655030210296 -0.00044640106833851445 0.0051731631770538565 0.002415456450811406 0.9999836956727921 -0.12836807444966603 
000092 000102 0.9998903658465541 0.013091291908956275 -0.006917916622741063 -8.07432463937133 -0.013153748360329126 0.9998724769164345 -0.009065358433633014 -0.014195944618215134 0.006798352024673971 0.009155368965866 0.9999349531388609 -0.1330699097878286 
000093 000103 0.9999157782843222 0.01217676659502079 -0.004504931783107065 -8.032268911087222 -0.012225992994905656 0.9998640163914653 -0.011062938970897341 -0.025436441744557774 0.004369602243019152 0.011117087041791835 0.9999286276726898 -0.12552113091181932 
000094 000104 0.999946359024143 0.010328565661647856 -0.0005509664655220329 -7.979545513051889 -0.010334666140019166 0.9998671230115354 -0.012604493228991044 -0.02879060506390562 0.0004207072023420261 0.01260952254171883 0.9999202648085784 -0.12783087649499514 
000095 000105 0.9999599265245362 0.008967161587100966 3.0403887750644735e-05 -7.938887528560475 -0.008965694178963823 0.9998462763286287 -0.015070444448854003 -0.039658628436941026 -0.0001655375768453627 0.015069567842616146 0.9998865148617554 -0.14321299445538338 
000096 000106 0.9999627565661205 0.007500866227909367 -0.004291398840554962 -7.904777426261121 -0.0075583959876229685 0.9998795937878769 -0.013558822845728886 -0.05026385087824777 0.004189177489758047 0.01359075695321876 0.9998988315070937 -0.17754096143632125 
000097 000107 0.9999290737102391 0.0069473277139963565 -0.009681006563083596 -7.867516730698701 -0.007044962642779306 0.9999242072777581 -0.010084704952318939 -0.04513563496014993 0.009610222235019528 0.010152187785924558 0.9999022792026747 -0.1977361148789128 
000098 000108 0.9998933321128445 0.006644184217069811 -0.013007596966046083 -7.824233556089094 -0.006700092478793473 0.999968565210266 -0.004259923811440445 -0.03263382840027387 0.012978876583078997 0.004346623738816258 0.9999062907267974 -0.1943196928680397 
000099 000109 0.9999059767166995 0.0056615463689508455 -0.012497472926159383 -7.775884340580447 -0.0056500410915824575 0.9999834939811441 0.0009567686481869008 -0.02262227799333376 0.012502691605424212 -0.0008860650964470681 0.9999214862174466 -0.1756690423146622 
000100 000110 0.9999601516752038 0.004631927194311251 -0.007620394451328667 -7.715441706818068 -0.004620133212540435 0.9999881988648803 0.0015630878993842928 -0.021862806195024252 0.007627547176162969 -0.0015278156782703675 0.9999695453126355 -0.14238064446266152 
000101 000111 0.999986908233558 0.0035528570930810537 -0.0036995853287064757 -7.63468256028876 -0.003545503501878188 0.9999915814158779 0.001999540170145553 -0.026799282633663622 0.0037066657954781426 -0.0019864009473662004 0.9999910923721738 -0.10703051481406997 
000102 000112 0.9999980884501163 0.001487783458889656 -0.001321088365108601 -7.556740482505866 -0.0014839646772949007 0.9999945611274564 0.0029119533724378 -0.040927312103974274 0.0013254078942307756 -0.0029099922733573542 0.9999948650918241 -0.09023501126590308 
000103 000113 0.9999988195220678 -0.0014483076206501231 -0.0005588541604991052 -7.466605357668418 0.0014499456187439883 0.9999945752453353 0.0029480457436899766 -0.055212713991304375 0.0005545937741086314 -0.0029488513923994113 0.9999955147342914 -0.08690772569298323 
000104 000114 0.9999821230477582 -0.005981221714545818 -8.144061200337839e-05 -7.362285599988373 0.005981378187768533 0.999979923555745 0.0021189679045314847 -0.08233419234310398 6.87689359031074e-05 -0.002119423774420659 0.999997739229451 -0.09355181598229859 
000105 000115 0.999928924477339 -0.011863555080542973 0.0011839112178895592 -7.242764932840858 0.011860785989847791 0.9999270249572761 0.002333684479216664 -0.11801822622973367 -0.0012115082086954383 -0.002319474679554019 0.9999964806868453 -0.10037826794006996 
000106 000116 0.9998060734425065 -0.019428065666837344 0.003218771151726132 -7.126466056505311 0.019418771956163882 0.9998071379746596 0.002882889286414723 -0.14876270938887917 -0.003274153389382811 -0.0028198297936581312 0.9999907553018954 -0.10888506096831477 
000107 000117 0.9995737956364559 -0.028882318838712593 0.004261648898284025 -6.983314411934037 0.028889135491080097 0.9995814216863538 -0.001546264684977503 -0.18692166817918449 -0.0042152238189355345 0.0016687234300478502 0.9999897376354651 -0.11828822498750961 
000108 000118 0.9991423280709141 -0.04131591560777947 0.0027995497276051056 -6.844441646448987 0.04132635587448779 0.9991384847894307 -0.0037907312653969088 -0.24176812397405162 -0.0026405159880279407 0.0039031658792214 0.9999889803252971 -0.1344560113570652 
000109 000119 0.9984196139133251 -0.05619773840940289 -0.0003298751290540607 -6.699749730306855 0.056193267199308915 0.9983874585748673 -0.00805283379674072 -0.3044840787248189 0.000781889471134704 0.008021563035646348 0.9999674974279755 -0.14291619534295005 
000110 000120 0.9971791266010851 -0.07485837884897795 -0.005501772768753313 -6.538890586349858 0.07481166478244101 0.9971634760361935 -0.008256516589244395 -0.36873898535897476 0.0061042403265724405 0.007821626789565043 0.9999508160835413 -0.1549138754083536 
000111 000121 0.9952971795423625 -0.0964496758690536 -0.008994925444765793 -6.375955741409997 0.09636723488671806 0.9953034264623913 -0.009189099309548723 -0.43512029315926204 0.0098389712570306 0.008279072124622087 0.9999172678810951 -0.15531185768625316 
000112 000122 0.9926403330238267 -0.12056363408441988 -0.01138103271753992 -6.202296307498273 0.12049266248666941 0.9926914162906084 -0.0067318596051991145 -0.49758589612401544 0.012109483563909671 0.00531098810614369 0.999912569899799 -0.15650009871368353 
000113 000123 0.9890624322764852 -0.14694978330264863 -0.012699572154314715 -6.004438923838198 0.14691646217077844 0.9891426659379521 -0.003521473533437982 -0.5532489534703017 0.013079168231973477 0.0016171758189574786 0.9999131135789555 -0.1477933750181387 
000114 000124 0.9842161466594498 -0.17657163778817245 -0.011874750792318629 -5.820948368546478 0.17656246921493648 0.9842878249771522 -0.0018223635818742437 -0.6257879353509928 0.012009942161430235 -0.0003030356984251661 0.9999279262822047 -0.13547828951523444 
000115 000125 0.9780451942158562 -0.2081091173079668 -0.010865009417665513 -5.6224939348195235 0.20811911323589044 0.9781032791236027 -0.0002106271990037489 -0.6904152584193984 0.010670927527143586 -0.002055211439416975 0.9999409278737236 -0.1302067589161044 
000116 000126 0.9705861018212317 -0.24056581781734734 -0.009519365174069743 -5.421741344158244 0.2405837468372563 0.9706281784723666 0.0007617469328551804 -0.7478875716906073 0.009056514771868761 -0.003029545762106216 0.9999544027036548 -0.12607501644949382 
000117 000127 0.9609793578452899 -0.2764114977107236 -0.010737678117850029 -5.230966295695413 0.276475124864356 0.9610082697910833 0.004954351385281659 -0.79876144935715 0.008949564868128267 -0.007729736977999658 0.9999300069978141 -0.11776955423848902 
000118 000128 0.9503364077844674 -0.3111006461440315 -0.008770667503503629 -5.050702095101401 0.31118058684177147 0.9502978521835204 0.010043546481046349 -0.8336357016146982 0.005210188297721438 -0.012274003097045958 0.9999111589466732 -0.1014332514052959 
000119 000129 0.9380541623298401 -0.3464197703681479 -0.006903487301744359 -4.892229153536864 0.34648799392014856 0.9378285923479475 0.020581767305132552 -0.8603033643440958 -0.0006556505163204662 -0.021698789767525522 0.9997643618434447 -0.08412922153342448 
000120 000130 0.9254287833304055 -0.3788839737438385 -0.005335653103933868 -4.73688962533741 0.3788742664141774 0.9249992093130535 0.028820451291982227 -0.8614937219962715 -0.005984130799608989 -0.02869283106686851 0.9995704539380577 -0.06720689344239764 
000121 000131 0.9118460337152372 -0.4105166894743207 -0.0036217622551092308 -4.599740019842324 0.41037658944636973 0.9112201477839013 0.0356227860436439 -0.8685378947361151 -0.011323525866064676 -0.033968795371384565 0.9993587500321329 -0.05130945488197823 
000122 000132 0.8990451074094231 -0.4378323596001194 -0.004541878325318499 -4.497881098167367 0.43769775562185376 0.898393049629351 0.03619910937796298 -0.8684165040996513 -0.011768768664270889 -0.03453261451403954 0.9993344083897328 -0.044206742676326634 
000123 000133 0.8873541338231089 -0.4610387453965064 -0.006766168709666926 -4.413339146403071 0.46095360647519207 0.8866448312503005 0.03718363075980955 -0.8590042368854174 -0.01114391321405567 -0.03611395202266037 0.9992856609376631 -0.03593603289821532 
000124 000134 0.8784096566601329 -0.4778285796407803 -0.00873783316484664 -4.355112393811305 0.47773036220372966 0.8774360733712661 0.04335170627417943 -0.8351836024425594 -0.013047811473827109 -0.04225490112115473 0.9990216459537284 -0.036123888177386376 
000125 000135 0.8709947254644862 -0.49117475825860335 -0.010760459015914041 -4.3125596789832645 0.49099391914597945 0.8694926943669948 0.05392179684237547 -0.7949709938457395 -0.017128880737489173 -0.05224893360952025 0.9984872448133801 -0.052567572194176036 
000126 000136 0.8643149530988891 -0.5028641059015257 -0.009347222412611182 -4.274333660946466 0.5025648892590896 0.8627744663624097 0.055213996448857834 -0.7786689381864529 -0.019700603405381347 -0.052419879536661856 0.9984307806805047 -0.04444271635652973 
000127 000137 0.8595586850627545 -0.5110303918832794 -0.002669787716308374 -4.246267175715562 0.5104364025503196 0.8582827644684287 0.052967068085766955 -0.7751185180811097 -0.024776349173677072 -0.04689105795748395 0.9985926273969798 -0.014383302298586085 
000128 000138 0.8550047654712758 -0.5185452265178063 0.008798848611360046 -4.213482161739581 0.5177105123668996 0.854386827262695 0.04470780137160913 -0.7860204892174973 -0.030700660416762858 -0.033670125623940256 0.9989613326216334 0.02390041579168863 
000129 000139 0.8513947317471026 -0.5241989688243262 0.01850504229496915 -4.21435896979869 0.5235134266150614 0.8514136776606548 0.03207179324325053 -0.8095231941539094 -0.032567451370746285 -0.01761812579331776 0.9993142168070182 0.06965822949704163 
000130 000140 0.8484188598744556 -0.5288860057646886 0.02156410503151829 -4.223578180169907 0.528393190079547 0.8486382763258143 0.02477006709046759 -0.8376530465766626 -0.031400686385989494 -0.009621070151769386 0.9994605075976422 0.07959116366302904 
000131 000141 0.8468592121398901 -0.5312873489411976 0.02373883937203009 -4.261777529251347 0.5309446514984419 0.847182978707395 0.01947182084555533 -0.8638332572013065 -0.0304562813404823 -0.0038858810399996463 0.9995286106004738 0.08022601313702353 
000132 000142 0.8457399957938815 -0.5329794177050122 0.02562764644582954 -4.321301928439901 0.5327084702707642 0.8461279180911649 0.017004707719604016 -0.8851655327730624 -0.030747428970744423 -0.000729493328214172 0.9995269251706635 0.08296182873745787 
000133 000143 0.8460873039953763 -0.5324419303242914 0.025333550515939926 -4.398626364994983 0.5322358923491061 0.8464661983166641 0.01483471819315387 -0.904836943076096 -0.02934263165703694 0.0009319576452164522 0.9995689415474465 0.048471096566539765 
000134 000144 0.8476127847589296 -0.5298544962186319 0.028403181828044122 -4.499200929555861 0.529947495055513 0.8480171993102195 0.004769160478214764 -0.9242787149316541 -0.02661334824272142 0.01100980467604816 0.9995851001184417 0.029479996379655732 
000135 000145 0.8521807872207855 -0.5220160092870291 0.03587548130437976 -4.597142255669729 0.522647565732814 0.8524826641252858 -0.010611507204289605 -0.9336416086887919 -0.025043865640357103 0.027793168536351148 0.9992998383749448 0.04372067290267418 
000136 000146 0.8598380806045665 -0.509460536063166 0.033591035421614054 -4.752766347681895 0.510169874708379 0.859901972527481 -0.0171874390926507 -0.9326623679723846 -0.02012867798187085 0.031915558900748715 0.9992879242174902 0.03285361897029962 
000137 000147 0.8711058084567104 -0.4904743421483613 0.02468999484614847 -4.929230548258282 0.4909446765477123 0.8709822971148512 -0.019053989675164255 -0.8910816724321171 -0.012159066184551344 0.028719465038043027 0.9995135824016104 0.0032639946286865213 
000138 000148 0.8863655966672639 -0.4628492976546858 0.011255884263413923 -5.114502884583405 0.4629849932477661 0.8861562751682195 -0.019286321253394825 -0.8296952366939243 -0.0010478075894237602 0.022306034109886602 0.9997505762904237 -0.020581601071967097 
000139 000149 0.9023803885429484 -0.4309404398466502 -1.5122588673429471e-05 -5.295176736837989 0.4308627349962851 0.9022182103826275 -0.018965452441587025 -0.7531470464484441 0.008186622912140387 0.017107539349078077 0.9998201227508282 -0.04882127071614629 
000140 000150 0.9192391702894576 -0.39365438222603233 -0.005957568095275807 -5.483825398575178 0.3934706961328472 0.9191157667355795 -0.020177707311824847 -0.6898140038735112 0.013418739774584292 0.016204012678762193 0.9997787744546794 -0.07078396759880123 
000141 000151 0.9354196211249566 -0.3533994832386335 -0.009945851666385 -5.661926213496025 0.353053890367157 0.9352390466580186 -0.026086934635159036 -0.6309089572943816 0.018520861481678082 0.02089081136667147 0.9996101595469599 -0.08045424933547651 
000142 000152 0.9498228393386046 -0.3124204253981478 -0.015167971673518367 -5.826375255318468 0.311996277765068 0.9497518046509462 -0.02509301929909714 -0.5636326993116302 0.022245382537035657 0.019101572158702562 0.9995700107505469 -0.09144347069040493 
000143 000153 0.9620191296100689 -0.27266638915630015 -0.013117419994776022 -5.992221379877432 0.27231247918693025 0.9619147735919277 -0.023789805455287978 -0.5182010296672891 0.019104525261431665 0.019314217779171805 0.9996309423766467 -0.08331649533636526 
000144 000154 0.9712420728108321 -0.23773352653840832 -0.013098272735202275 -6.139371687366131 0.23748087943765975 0.9712193094443027 -0.018326897149897423 -0.4735509822015204 0.017078215319369566 0.014689265234210722 0.9997463363333872 -0.07660613856500584 
000145 000155 0.9776768381513422 -0.20947551347911086 -0.01637221537718339 -6.317988513753952 0.20927547739454777 0.9777687001224316 -0.013122556719391415 -0.45125830005099116 0.01875709444765243 0.009403315830209048 0.9997799260353618 -0.08243016258459061 
000146 000156 0.9827501957191181 -0.18424698631961084 -0.015974834730505393 -6.460030135392128 0.18411745774623195 0.9828607718987178 -0.009243599879121774 -0.4409922806527662 0.01740414300214677 0.006142899803984437 0.9998296202492116 -0.08179165143780578 
000147 000157 0.9861369480211369 -0.16558862483856215 -0.010685938317840748 -6.603396212310957 0.16549410037301204 0.9861676812866109 -0.009199779068976366 -0.43402279995770776 0.012061513297219658 0.007303777990297212 0.999900655589598 -0.06386885183571686 
000148 000158 0.988541911602474 -0.15091417666183507 -0.0031430389892934756 -6.744847011931734 0.1508671140090733 0.9884822025910709 -0.011922323043522266 -0.4297043763159586 0.0049060843636807 0.011311537617466718 0.999924014196945 -0.03241052381020935 
000149 000159 0.9904057055105151 -0.138111909133596 0.0046493957039377715 -6.877504502534316 0.1381611166191261 0.9903265044886683 -0.01283920954636166 -0.417443197668932 -0.002831174935277364 0.013358394351021504 0.9999068345002275 0.015077152839815965 
000150 000160 0.9916305856521032 -0.12888295486294993 0.007613128493392879 -7.0167362785820675 0.1289715263873222 0.9915682551093954 -0.01259656795823748 -0.3918029054526881 -0.005925456607006365 0.013473024571606498 0.9998916015855129 0.02910576622395473 
000151 000161 0.9928482928353597 -0.11935633542108877 0.002488003719613872 -7.148027079898127 0.11936685243908324 0.9928394944466923 -0.0046191345094007815 -0.3605753974287884 -0.0019188672976677109 0.004883082093975094 0.9999861674627286 -0.020898157500351205 
000152 000162 0.9939486556005461 -0.10980981873076362 -0.002785670090140917 -7.266216216911814 0.10979113605629783 0.9939357338296432 -0.00616106222982761 -0.33126111321970253 0.003445324705951664 0.005817958888933203 0.9999770713485056 -0.08552481844282166 
