000000 000010 0.9998574479809925 -0.0059489207373633595 -0.015798191450090242 -7.0387619758479945 0.005824959014007407 0.9999519586566726 -0.007881074426955561 -0.1138536470460276 0.0158443221949399 0.007787926943767248 0.999844222139759 -0.2431088413990139 
000001 000011 0.9998711530495065 -0.007499578705974978 -0.014192753893995953 -6.8348916181257096 0.0074336595649670545 0.9999613399498244 -0.00469169706334431 -0.10027682717111963 0.014227395905401282 0.004585589547316022 0.9998882011820455 -0.23166848709453602 
000002 000012 0.9999028511032494 -0.0076260502616266514 -0.011667326430331337 -6.615987292597936 0.007586966872439393 0.9999654605040816 -0.0033896771719698965 -0.10206661911206383 0.011692771788726963 0.0033008311807383745 0.9999262041573797 -0.2013428549134042 
000003 000013 0.9999274175755004 -0.008305789775796466 -0.008723254276117275 -6.393147352970348 0.008287465179215525 0.9999633042487386 -0.002134464235017673 -0.0944751158193541 0.008740670619755206 0.00206201459973972 0.9999596608102793 -0.16659246292966934 
000004 000014 0.9999252310559811 -0.0096314587293566 -0.007541281049922628 -6.153142245777771 0.009646880628964074 0.999951488379423 0.0020114882462505196 -0.08376156936968872 0.007521539240145279 -0.002084085183698279 0.9999695535211296 -0.14389808836278828 
000005 000015 0.999919905766966 -0.011316089209019093 -0.005672544307067663 -5.896734443673446 0.01134641610654726 0.9999213374011146 0.005343030996858762 -0.061415774926048744 0.00561163893401003 -0.0054069689993633705 0.9999696226740066 -0.12494705682493357 
000006 000016 0.9999154552595064 -0.012552991964158587 -0.0034095005035562486 -5.643409852060799 0.012577600308633783 0.9998942155277388 0.007293014021222608 -0.0585965378603484 0.003317592799274762 -0.007335285247374426 0.9999676703552897 -0.11586821018285764 
000007 000017 0.9998952249476537 -0.01442980975261666 0.001058833658736232 -5.360952535377059 0.014425167081485179 0.9998867267636676 0.004263821817248676 -0.06418140001858684 -0.001120239962337899 -0.004248105472759988 0.9999904128736004 -0.09479129821845378 
000008 000018 0.999856447471472 -0.015867737330756287 0.005944400574852446 -5.0776396059087565 0.015867964071759586 0.9998741757594038 7.4343690501406664e-06 -0.08703668839673748 -0.0059437726537321925 8.69021300658657e-05 0.9999822157511853 -0.08455951791065841 
000009 000019 0.9998016850501863 -0.0180380900717099 0.008443327682130596 -4.784809787404933 0.01804743770993484 0.9998365951039805 -0.0010315901387575822 -0.0901276041438352 -0.008423337791822723 0.0011837644140964758 0.9999637814309847 -0.07272143968955858 
000010 000020 0.9997353888396429 -0.020385164737711334 0.010658535348047633 -4.500688260137752 0.020364796371764686 0.9997907193745283 0.0020157028253890517 -0.08302460553179217 -0.010697398290664609 -0.0017981064458344688 0.9999410576044497 -0.07750531838949648 
000011 000021 0.9997164845303504 -0.0214534366537712 0.010328375033207719 -4.210180726660807 0.021386706958618624 0.9997499154974336 0.006529232295219535 -0.06049626530130943 -0.010465870323793525 -0.006306493642088737 0.9999253742793313 -0.06816771283 
000012 000022 0.9997138824918125 -0.022963324694548995 0.006709819259916278 -3.923838758177986 0.02288905272591437 0.9996781459075711 0.010944594444458526 -0.031024541105496295 -0.00695897947246252 -0.010787883424574667 0.9999176179240085 -0.07723931104420778 
000013 000023 0.9997107485643572 -0.023885795832770673 0.002862829731573194 -3.6373037700462794 0.023849360765628037 0.9996417897298767 0.012148766154901541 -0.030089683927248943 -0.0031519908017266876 -0.012076973674250518 0.9999220493725762 -0.08378931868264639 
000014 000024 0.9996889834205047 -0.024848961953604008 0.0020934790969620227 -3.3561043080509974 0.024828636553613934 0.9996489748071966 0.009233847526723451 -0.03844279076281977 -0.0023221958995002343 -0.009179001682124913 0.9999550997869783 -0.0780247960409084 
000015 000025 0.9996873150728403 -0.024957935135862364 0.0015253891903858824 -3.07076081723054 0.024951913258410424 0.9996812284451496 0.003845403142999307 -0.045407216637284115 -0.001620878538437533 -0.0038061410346133116 0.999991417117325 -0.06775889081570319 
000016 000026 0.9996740439134476 -0.025495797360991897 0.00122575296566098 -2.7998440833875247 0.02549413044351337 0.9996739708181344 0.0013585119724931496 -0.05812662633392418 -0.0012599910732475285 -0.0013268195601126936 0.9999982685539316 -0.0467645415621889 
000017 000027 0.9996812912884672 -0.025246932434413318 -0.00033152388388787215 -2.5604888840824787 0.02524718938386849 0.9996808572756296 0.0007853688214777578 -0.04963872961682826 0.00031158994579112047 -0.0007934871790479802 0.9999996022929281 -0.050047983903673376 
000018 000028 0.9997285414348253 -0.02327984303762177 0.0009713038640667253 -2.3260648765718495 0.023274597847368742 0.9997158798467364 0.0051103821516604205 -0.03367017260701366 -0.0010899961200863753 -0.005086400755570006 0.9999866931804359 -0.04932164861864008 
000019 000029 0.9997494819477829 -0.022187916422436386 0.002959270101153681 -2.1252220180446164 0.022172127780437433 0.9997401888989357 0.005261469273266265 -0.02077858544037666 -0.003075242788919217 -0.005194539434402757 0.9999818946592658 -0.04787080474299543 
000020 000030 0.999777261023356 -0.0204978271819665 0.005029919011679333 -1.9504166678711823 0.020480242856229364 0.9997839140797995 0.0035251537591361078 -0.027622325363977664 -0.005101093954845958 -0.0034213562049717422 0.9999811393016765 -0.0333327989926957 
000021 000031 0.9997958426384648 -0.01914410750076177 0.006445759475221758 -1.7952084183922161 0.019149358630560897 0.9998162917633795 -0.0007546520103501525 -0.03677836379895366 -0.006430129873082983 0.0008779310370685411 0.9999788432229804 -0.03203226382806168 
000022 000032 0.9997950175696407 -0.01828433449208779 0.008685429601018363 -1.6572851288764365 0.01832285787701639 0.9998225669971759 -0.004375951032746186 -0.04737764213257001 -0.008603880922813525 0.004534197053681982 0.9999525872705625 -0.022531358512495103 
000023 000033 0.9997699161598734 -0.01748721905195168 0.012426058047658993 -1.5462542120514753 0.017559463317125563 0.9998294071404159 -0.005728264981039995 -0.04588376035150683 -0.012323770830916674 0.005945141358775588 0.9999064445189568 -0.009407398648130227 
000024 000034 0.9998234720838175 -0.01872972863374694 -0.001563220065070729 -0.3931546381885477 0.0187567500349303 0.9996324711363088 0.019578329805449837 0.018365995318454738 0.0011959438449925754 -0.01960418764541815 0.9998071195366772 -1.088428107833167 
000025 000035 0.9997940216260307 -0.014729700207596471 0.01395967959086764 -1.4054168142815646 0.014778218761429061 0.999885033825686 -0.003378522638088332 -0.03266271326863132 -0.013908316272743294 0.0035841281138763448 0.9998967360090119 -0.004144535519947423 
000026 000036 0.9998031881122317 -0.011990850504858869 0.015803459633639865 -1.3515053560006667 0.011996307890852168 0.9999281175395117 -0.0002513970378742949 -0.015175677518933464 -0.015799314166330382 0.0004409321598877236 0.9998751218134639 -0.0006859170387187863 
000027 000037 0.999827976893864 -0.008179074484543214 0.01665442266606712 -1.3126162345171504 0.008134081580204592 0.9999630985232051 0.002767507326806867 0.002590704033485554 -0.016676442699788793 -0.002631566301784297 0.9998575671004424 0.0039099013216508105 
000028 000038 0.9998558672755573 -0.004152218595230689 0.01646394243774463 -1.2788740822433564 0.004084687622509941 0.9999830787436833 0.004133773470850672 0.012438001828664294 -0.01648083999131122 -0.004065928268616764 0.999855759549543 0.005305607901444187 
000029 000039 0.9998740123259847 0.0019225398859684729 0.015749374764907995 -1.259920673964633 -0.0019686235421676364 0.9999938103838159 0.002911480829330719 0.012065593494916954 -0.015743692569711726 -0.0029421212266992256 0.9998717424895011 0.008777984418451679 
000030 000040 0.9998444063188948 0.008992299513766011 0.015176604827705146 -1.2388130847820027 -0.009005971102639895 0.999959087853002 0.0008321681815320894 0.01075705757202268 -0.01516850830091947 -0.0009687202086804079 0.9998844697160029 0.012755855054554122 
000031 000041 0.9997450494692385 0.017114727921460567 0.01473320992494959 -1.2214170271448355 -0.01712143766196829 0.999853483745792 0.00032846566977840505 0.016977372033808807 -0.014725430595560224 -0.0005806351157363842 0.9998914783053758 0.013708099584843314 
000032 000042 0.9995718577419469 0.02571297519973684 0.013963955053487956 -1.2240266112904385 -0.025726024508311563 0.9996686595910868 0.0007554184592780992 0.026259839247970398 -0.013939910326306551 -0.0011143345582157072 0.9999022657193515 0.013967547747721909 
000033 000043 0.9992985676379783 0.03513846364184841 0.012957873553679788 -1.2356240405987582 -0.03516845558837322 0.9993792651125223 0.0020952660061678784 0.036367871525972886 -0.012876208390111579 -0.0025495023247387124 0.9999138784988629 0.01657040227579487 
000034 000044 0.9988740018372073 0.04581830635458519 0.012294022534887072 -1.261644807593512 -0.04586034777558633 0.9989428256634775 0.0031599791973906384 0.05201140578499658 -0.012136240206188526 -0.003720229595279316 0.9999194085699177 0.0180177780355959 
000035 000045 0.9981577051808095 0.05945925262223225 0.012084304831416617 -1.2803714155941184 -0.05950749611674914 0.9982211659730249 0.0036725235800184252 0.06250365107980224 -0.011844448111118351 -0.004384865232802474 0.9999202908024797 0.020908609154392854 
000036 000046 0.9971076225972632 0.07501858207570435 0.012186501294047428 -1.3061483789686688 -0.0750632570199992 0.9971732760491783 0.0032500222306548012 0.07500349073527933 -0.01190823811628775 -0.00415538204204639 0.9999204079562546 0.021215814715892733 
000037 000047 0.9956552885092496 0.09230243705410796 0.012273098780044232 -1.358361363410546 -0.0923405551320056 0.9957242616309144 0.0025762511944554833 0.09238347372719631 -0.011982831365377183 -0.0036983606671216634 0.9999212231238721 0.024194558818204648 
000038 000048 0.9937642033423553 0.11089703082366618 0.01159601104517556 -1.4235141547398733 -0.11092144991178639 0.9938281311244483 0.0014823115829812677 0.10875307930278147 -0.011360061034708544 -0.0027593109015619966 0.9999315612541156 0.019997505021071893 
000039 000049 0.9914074200846253 0.13051901727170798 0.008727659672573218 -1.5022986758245755 -0.1305410310964426 0.9914409510992088 0.0020032420150582863 0.13084088415339354 -0.008391491524601587 -0.0031253453435927036 0.9999598060192395 0.020918041244317065 
000040 000050 0.9884370055490708 0.15148542842389637 0.006668422363297077 -1.6001673512280172 -0.15149805628472665 0.9884566792437628 0.0014361215602774196 0.15831867043647174 -0.006373890518717079 -0.002429766747418147 0.9999767541385159 0.012558943939998679 
000041 000051 0.9846119812481233 0.17471245542640718 0.0038362456625278675 -1.7078155746507557 -0.17471183425569453 0.9846194122830029 -0.000519310528502386 0.1871284331539379 -0.003867973245530847 -0.000158915445015508 0.999992390171581 0.012652720370758264 
000042 000052 0.9796900341091179 0.20051801086401322 2.3775571473552982e-07 -1.8410992723859962 -0.20051798013270486 0.9796898516900963 0.00048697994407028496 0.22795111907882176 9.742117170231945e-05 -0.00047713584168652446 0.999999963323902 -0.0010339182973007066 
000043 000053 0.9734042910611156 0.22907923188954046 -0.0025764542496911394 -1.9852956847466128 -0.2290798193994668 0.9734075407846607 4.3681257186178845e-05 0.2641434204428996 0.0025179497864476264 0.0005476921669004262 0.9999965994903812 -0.017212174738162167 
000044 000054 0.9658356260232599 0.25895558327235435 -0.010188148220622837 -2.1002005629615788 -0.2589633759626533 0.9658869783427021 0.0005696727085156936 0.3065874701108726 0.009988121408114939 0.002088142925501618 0.9999479264241949 -0.03885603452265274 
000045 000055 0.9574840419489662 0.288039806477579 -0.016038068122379807 -2.270075676478468 -0.28812231804696214 0.9575888149051867 -0.003049213007239882 0.34292208866200957 0.014479590366856167 0.007540494576192165 0.999866700498624 -0.04561696237685098 
000046 000056 0.9488687191954801 0.3149044088311614 -0.021984613160488078 -2.415693864056846 -0.31507798044723123 0.9490534628008969 -0.004845248911415087 0.3928497861632818 0.0193387850239203 0.01152437561973779 0.9997465771116554 -0.05798862541896521 
000047 000057 0.940058420072812 0.33988804295737224 -0.027681654710944543 -2.544443014486774 -0.34011754702930597 0.9403748957285376 -0.003906987749674903 0.4222532385173874 0.02470319602379346 0.013087812490138021 0.9996091720252795 -0.06940324994361236 
000048 000058 0.9306849913437537 0.36425349776794036 -0.03383496265874112 -2.6977538195229345 -0.3645237578027271 0.9311919275780899 -0.0019719761852840436 0.47518052989179255 0.030788558708476313 0.01416894535599568 0.9994256074102441 -0.09868590489726836 
000049 000059 0.9211526530923964 0.38729565969956686 -0.03846840695645076 -2.843440875177199 -0.3876637125076142 0.9217979968511637 -0.0023160706739550002 0.5104609975719412 0.03456310567010554 0.01704626749998207 0.9992572234828387 -0.11249168921005026 
000050 000060 0.9117476517056686 0.4087643939624245 -0.04034492737316422 -2.9271321639627974 -0.4092100456937202 0.9124348700485762 -0.003104097860820774 0.5491903729822473 0.03554328850709738 0.019339696010364497 0.999181062238538 -0.11317045745852017 
000051 000061 0.902729243854145 0.4282098732541572 -0.04142971369435741 -3.062437654541838 -0.42871509527488644 0.9034318708428806 -0.003747489815854551 0.5942260689734639 0.035824212312076754 0.02114451842377693 0.9991343838493458 -0.12372191756602757 
000052 000062 0.8945101762320301 0.44538424985449165 -0.03852988783561937 -3.116458969311312 -0.445944715361311 0.8950333936772489 -0.006963561392054789 0.6022531339961819 0.03138408413884353 0.02341118124524617 0.9992331819549202 -0.09990042000956412 
000053 000063 0.8869234935314733 0.4603685233479884 -0.0377805643309996 -3.2308974847941285 -0.4609602154342033 0.8873819405259322 -0.008306310476516955 0.64359131197711 0.02970182881064696 0.024782416229479323 0.9992515650777068 -0.10243626651554383 
000054 000064 0.8803221019642311 0.47300039291689455 -0.03610394412366716 -3.368776389051052 -0.47363848962623867 0.8806467655765358 -0.01130043510618762 0.6814624889265575 0.02644971073810309 0.027048243760159643 0.9992841962716184 -0.08175749759341366 
000055 000065 0.8748009634359538 0.4833928559732868 -0.03247280205964667 -3.4089272596453006 -0.48387030462302666 0.875099045576474 -0.008425061236613273 0.7104247916675248 0.024344312605917656 0.023082894851275217 0.9994370531179524 -0.080951475920374 
000056 000066 0.8697187444751715 0.49268371318809445 -0.029196249702934413 -3.53200908743833 -0.493036190437048 0.869988513757355 -0.005945660255520058 0.7486269883631791 0.022471085222317458 0.01956587038067808 0.9995561143924672 -0.07687783585852537 
000057 000067 0.8655285345607252 0.5001846886795758 -0.02599007895582559 -3.664953697868158 -0.5004286223960478 0.8657707515974224 -0.003464259888050419 0.7916048399776147 0.02076869286611386 0.01600461009280983 0.9996562504301503 -0.07377374701570583 
000058 000068 0.8620361118937815 0.5063779065342908 -0.02180586339903132 -3.731289545959864 -0.5065386303808868 0.8622142915020647 -0.002223665603003412 0.8020811983610732 0.017675318572577255 0.012962402062435948 0.9997596187504714 -0.0714570304441271 
000059 000069 0.8586558271406625 0.512276370743708 -0.016825705909259237 -3.8693602845304382 -0.5123910588684262 0.8587466870005825 -0.0030870989636814145 0.8255396567596648 0.012867571405383181 0.011272091869582904 0.9998535965554932 -0.055698175995628096 
000060 000070 0.8554354771111429 0.5178009577269936 -0.0106070445951182 -3.9849791866707482 -0.5178488271794752 0.855469250427356 -0.002218384597158675 0.8533843573624337 0.007925335184072086 0.007390542565139945 0.9999412377637851 -0.02852424080799887 
000061 000071 0.8522258930416782 0.5231181295311299 -0.0076439811831319005 -4.129786215108634 -0.5231199731885733 0.8522570451051981 0.0019030437138906559 0.8836110992100026 0.00751016501050167 0.0023768985342468175 0.9999689102019753 -0.024585632652329492 
000062 000072 0.8493109180808582 0.5278688439876729 -0.005018153530994925 -4.307785204885401 -0.5278257095629585 0.8493162456640168 0.007855626571805524 0.9620139951789071 0.008408746721869113 -0.004023167985009136 0.9999565025504286 -0.035903846400789474 
000063 000073 0.847791481697849 0.5303259490976907 -0.0020458993804211 -4.40878121216127 -0.5302877058822746 0.8477664401402841 0.00932589704065403 0.9534071266236486 0.006680204307393615 -0.006821508154395484 0.9999544394497356 -0.03268287364271627 
000064 000074 0.8474512607731558 0.5308667217461738 -0.0026338349978099512 -4.599480409361068 -0.5308285686107945 0.8474340922666851 0.008743870181615125 0.9778189756667496 0.006873854533531983 -0.006011885315239764 0.9999582904532865 -0.03074104320954829 
000065 000075 0.8485029122626405 0.5291692099922504 -0.004758601854789848 -4.821250805311148 -0.5291235618342608 0.8485043655482195 0.008287733297029486 1.0204738543200258 0.008423302667464432 -0.004514278203934505 0.9999543009016356 -0.042722416588988565 
000066 000076 0.8514706123066302 0.5243453008039121 -0.007719439987183998 -4.953176152599766 -0.5242395367395064 0.851481011394568 0.012372545570019553 1.0003683046484257 0.013060437449559434 -0.006488026451636855 0.9998936520519153 -0.06781682460684468 
000067 000077 0.85632746019593 0.5163528484242129 -0.00910861782657363 -5.1704982520342115 -0.5162692592878112 0.8563669067124398 0.01009065377306965 0.9847120838617185 0.013010658546798599 -0.003938401661841512 0.9999075526310687 -0.07424749895560723 
000068 000078 0.8639514627393463 0.5035391310823364 -0.00600588238453914 -5.372451967860353 -0.5035196156613657 0.8639720113354453 0.004514242916534932 0.9440961570364881 0.0074620060715814025 -0.0008760145383974963 0.9999719437072859 -0.0469369584360706 
000069 000079 0.8733841307827345 0.48702757748001246 -0.002108560507576842 -5.56648363639317 -0.48702657428955204 0.8733866044286349 0.0010048478124875123 0.8666338498789038 0.0023309808117295064 0.00014930798194548407 0.9999972126326213 -0.012804358472284338 
000070 000080 0.8867319824239693 0.4622785829853153 -0.0021711043310326953 -5.797088775696086 -0.46228054887776254 0.8867335891714189 -0.00045266023513685277 0.8089591925927153 0.0017159296247128803 0.0014050529342902194 0.9999975421452144 0.001133467603005478 
000071 000081 0.9029923834648472 0.42959230242137175 -0.007418495704878393 -6.023850976989095 -0.42963296060909717 0.9029889960965023 -0.0051320771073909335 0.7005305439442906 0.004494111548329985 0.007821451142264253 0.9999592886977874 -0.02050621787697704 
000072 000082 0.9214043612871542 0.3883564980635772 -0.013916044497256976 -6.270425971458054 -0.38847887077145504 0.9214275358089687 -0.007455339138328973 0.5740820715470553 0.009927317054446565 0.01227548146938351 0.9998753245669769 -0.04406063528306703 
000073 000083 0.939291905618663 0.34266162099119135 -0.017707043262357048 -6.52357964592328 -0.3428144134674317 0.9393817494405918 -0.006371282754161135 0.4822601473182002 0.014450475229991428 0.012054718821392163 0.9998228723858769 -0.0628402297262427 
000074 000084 0.9556362394349034 0.2943385453361842 -0.011146133137695705 -6.712087326568799 -0.29441174199667003 0.955662378903106 -0.005588807518275127 0.3479457659089259 0.009006950406585798 0.008622421601874588 0.9999221104318008 -0.06701230843260508 
000075 000085 0.970065071271117 0.24284149980788014 -0.0014139869173088464 -6.892801826289528 -0.24284318851290845 0.9700647347950482 -0.001182457806910737 0.2455400371582886 0.0010845176882518113 0.0014904335067060593 0.9999983766293519 -0.02615378343676933 
000076 000086 0.9814113537703062 0.19191611536214337 0.00047542015865363206 -7.14503688012239 -0.1919149907742938 0.9813888341916656 0.0066724941701761815 0.14271002307598957 0.0008140020379039939 -0.006639704094586942 0.9999775858583718 -0.03091190439490199 
000077 000087 0.9899520734288055 0.14139249711011037 0.001762485149730078 -7.320867141463421 -0.14140256100747983 0.9899131342884011 0.00879151327913146 0.06864015633759782 -0.0005016628804351795 -0.008952405471900265 0.999959919069583 -0.011302450486664117 
000078 000088 0.9953277356307556 0.0965297185627053 0.002127263810074168 -7.559832188854672 -0.09654610416217461 0.9952799556799018 0.009842085792604682 -0.018118185251502703 -0.0011671694110939564 -0.010001485422905814 0.9999492097245336 0.0212966562986161 
000079 000089 0.9983738337079039 0.056932407755189283 0.0028423888440815277 -7.750004812795791 -0.056976696502833615 0.9981898286426856 0.019248415279010365 -0.018462449522108876 -0.0017413951330494896 -0.019379067198634668 0.9998108482253361 0.03708990896283004 
000080 000090 0.9995699860041862 0.02643435450259463 0.012696662358785724 -7.94360568298799 -0.026680203331358843 0.9994519449255858 0.01960134573907787 -0.03964837219995382 -0.012171544375898527 -0.01993168007423267 0.9997272903458099 0.08490051893328365 
000081 000091 0.9996824960661168 0.00422429531873677 0.0248414655496468 -8.108885242995699 -0.004582007708453587 0.9998863985905133 0.014360290083435678 -0.058322500566766355 -0.024777978018832955 -0.014469550397501602 0.9995883447818531 0.15004194861471265 
000082 000092 0.9994051087643346 -0.008396231736148046 0.03344940020510792 -8.273365404890432 0.008146618387713318 0.9999380042877136 0.0075916722088815725 -0.05374244222963043 -0.03351107595462524 -0.007314662031945387 0.9994114781213422 0.15310434205805534 
000083 000093 0.9994424035691873 -0.01255668733244042 0.030939838530276615 -8.487912332576515 0.01261281178470218 0.99991907097583 -0.0016195440084314254 -0.053462739994058206 -0.03091700128795165 0.0020088807131609615 0.9995198658516018 0.092126399628224 
000084 000094 0.9997166519290397 -0.01276309197760191 0.020094323004601882 -8.720392205242566 0.012885910849997325 0.9998989593366886 -0.005994671150256071 -0.024789909231041296 -0.02001579839321875 0.006251911344557282 0.9997802297323856 0.025643994610196064 
000085 000095 0.9999539654170101 -0.007657884489568915 0.005778615949558571 -8.952268258020801 0.007746310822410897 0.9998509888393179 -0.015436517197250546 -0.01629458659138744 -0.005659549110783989 0.015480578460612834 0.9998642279921712 -0.08650043387348649 
000086 000096 0.9999815454963262 -0.0023567200081469814 -0.00559835858501974 -9.166204117999825 0.002194553362711877 0.9995828667638731 -0.02879797227048398 -0.04569100857976671 0.005663889707952213 0.028785159997502963 0.9995695789419482 -0.1614046560136242 
000087 000097 0.9999002499354249 0.003875138755574451 -0.013585579176129382 -9.371060016588679 -0.004242527098492268 0.9996231821347404 -0.027118528970628872 -0.04074425561508632 0.01347538563948304 0.02717346937734087 0.9995397760720091 -0.2482613871700301 
000088 000098 0.9997940880448021 0.010920559282667589 -0.017105759029695237 -9.544484388227637 -0.011328406679608653 0.9996494388286342 -0.023929642343123128 -0.025032556271671863 0.01683846876746155 0.024118500580624418 0.9995672257133567 -0.2720204399467536 
000089 000099 0.9996905321348354 0.015508054248947896 -0.01945716511461477 -9.711681763247686 -0.016093454770893502 0.9994113662848653 -0.030299310930482323 -0.04518788266022887 0.018975845699623493 0.030603067989787028 0.9993514304095626 -0.2192073673811723 
000090 000100 0.9994787377121371 0.020121329969208623 -0.025245560312490055 -9.869695807169284 -0.02098303397933342 0.9991895445907988 -0.034344993659855216 -0.056323828491438216 0.024534037032421182 0.034856838669145 0.999091245968175 -0.16867134900395842 
000091 000101 0.9993032863078226 0.025498308785153755 -0.02725206407003942 -9.987325903186736 -0.02627133645490024 0.9992514064497218 -0.028395305186121284 -0.010858220843580083 0.0265076383644946 0.029091477305676912 0.9992253525826637 -0.11945638784156032 
000092 000102 0.9991836976345655 0.030639367122071267 -0.026327560099399978 -10.086851544862398 -0.031186072692459956 0.9993010474480076 -0.020611772373686398 0.04411466748345633 0.02567762730342198 0.021416011387770276 0.9994409254747215 -0.06054384606451313 
000093 000103 0.9992746348233759 0.03384066321475627 -0.017466274865197452 -10.169995838106217 -0.03411537778479385 0.9992948623218344 -0.01567743513956062 0.09345890813222084 0.01692342606048285 0.01626192995798223 0.9997246258132797 -0.013661093205636632 
000094 000104 0.999255365321762 0.036176855394105506 -0.013410309884777686 -10.238044054583943 -0.03630804048237928 0.9992937528494479 -0.009671725138292063 0.14501605621075864 0.013050939651029856 0.010151427592724265 0.9998633513483253 -0.04221779514153555 
000095 000105 0.9992461678752601 0.038063646506646044 -0.007622036499409132 -10.31887831322264 -0.03813150259858588 0.9992325230775183 -0.008964501980155023 0.1729665897887993 0.007274970338052315 0.009248384665968891 0.9999306192512519 -0.09895796220231584 
000096 000106 0.9991011044935882 0.04237218795243539 -0.0011469018424998616 -10.377867145890349 -0.04238129924114039 0.9990546480833127 -0.009676074905303695 0.18943508617244376 0.0007358091370825425 0.009715986444125402 0.9999526272687901 -0.14432354421407856 
000097 000107 0.9989594522083498 0.04536719097586269 0.004678035699097542 -10.425105808494394 -0.045284837059208743 0.9988392276726927 -0.016419512136237217 0.1864929968212812 -0.00541751626588188 0.01619058345684439 0.9998543026388507 -0.15479425340512765 
000098 000108 0.9988927619274729 0.046888645179710475 0.0038326336641684427 -10.490061383938691 -0.046798480779438226 0.9986845552781864 -0.020952263562692267 0.16851080361353785 -0.004810026032598609 0.02074970360376347 0.999773180622091 -0.17750978331189304 
000099 000109 0.9989320458563845 0.04619720537641083 -0.0008328964005458456 -10.542125763493683 -0.04620382204735522 0.998639098123335 -0.024190141856134186 0.13530043527689722 -0.0002857453332503504 0.024202793460141023 0.999707003726607 -0.19956146964817822 
000100 000110 0.9989385607073393 0.0457095654859134 -0.0057069142875405205 -10.586441982876588 -0.04581165899457237 0.998764300882588 -0.019265915104834535 0.10504263452056098 0.004819235370378268 0.01950691970481539 0.9997980219727322 -0.19965651353910108 
000101 000111 0.9990238697236918 0.04293705951984865 -0.010376735067415856 -10.643448627330502 -0.043128934334604394 0.9988883088669477 -0.01903335545770103 0.07485174277632903 0.009547971874221885 0.01946232671931069 0.9997648532820077 -0.1800800178574713 
000102 000112 0.9991855683604286 0.03771881397900683 -0.014336851821064926 -10.689505799156935 -0.03801518321211008 0.9990565829032769 -0.02099408252122166 0.0519141430111615 0.013531451883201219 0.021522006824648908 0.9996768331231266 -0.174352747704833 
000103 000113 0.9993463966515674 0.03223644532944654 -0.016359950978445836 -10.73046584436956 -0.03255429453928699 0.9992788380871405 -0.01954870366963216 0.028914857404247277 0.015717983233653587 0.020068521897745193 0.9996749615195102 -0.16210354527820625 
000104 000114 0.9995800959337527 0.026602859085740862 -0.01148529102163815 -10.781591656312544 -0.026889289819379006 0.9993118071778991 -0.02555038609096561 0.0007281276551571875 0.01079768420747298 0.025848496322260058 0.9996073819372738 -0.1339774631680717 
000105 000115 0.9998039258623147 0.019601431319531494 -0.0028104785871857886 -10.807847358180425 -0.019674278815664987 0.9993919694177168 -0.02878855291152504 -0.02118091611060463 0.0022444656575171503 0.028838213308536306 0.9995816714818936 -0.07075216882032775 
000106 000116 0.9999123640412864 0.01306747382468894 0.0020909619556652003 -10.848127362815767 -0.012999038776087391 0.9994673622971109 -0.029935777736269827 -0.04667954971644092 -0.0024810232279716665 0.029905987861972072 0.9995494572612961 -0.06246479038370312 
000107 000117 0.9999781727953158 0.006592266237602768 0.00018604905020003473 -10.901065179363881 -0.00658525673660042 0.999642968072024 -0.02589652584742683 -0.07494048562683925 -0.0003567092939748261 0.025894739281834632 0.9996646133086613 -0.10234994286388732 
000108 000118 0.9999960467642718 0.0024757565513792005 -0.0013942531452671282 -10.93526674279828 -0.002503799592452293 0.9997871326945216 -0.02047918956235655 -0.09459909820890552 0.0013432639110221307 0.020482611428783545 0.9997891918210331 -0.14298417598382418 
000109 000119 0.999999776561317 -0.0006013873783817295 0.00030212065774514363 -10.978229652395253 0.0006056520516794294 0.9998970745561453 -0.014329664617777052 -0.09928504893401141 -0.00029346344999805476 0.01432985417672428 0.9998971779657535 -0.1410509480314347 
000110 000120 0.9999886794389514 -0.004641526898018207 0.0010604260134957416 -11.002912468044475 0.004655596975626103 0.9998954783221375 -0.01368705221657854 -0.11260879537460244 -0.0009967878705971194 0.013691840675031227 0.9999057927931299 -0.13074578662900138 
000111 000121 0.9999475215253475 -0.010250852289326554 -0.0002699344266677485 -11.045682928770615 0.010245078497046551 0.999814276882932 -0.0163201270951113 -0.14866929481736968 0.0004371725211608779 0.016316495137898856 0.999866835709205 -0.14493299313679353 
000112 000122 0.9998500153312637 -0.01723675410730144 -0.0017167403448178347 -11.091630057495646 0.01719833177255402 0.9996454651406335 -0.020330552268907027 -0.18764623137664282 0.002066574834737808 0.020297981088778703 0.9997917317083073 -0.1532112406667243 
000113 000123 0.9997108160975092 -0.023892012216807812 -0.002754415285406932 -11.126600913576043 0.02382717120561765 0.9994836477169515 -0.021558183713899805 -0.22909535656084057 0.0032680437648480807 0.02148632171524232 0.9997639408779312 -0.14934436452911543 
000114 000124 0.9995102231825596 -0.031086762521443663 -0.003608005173185966 -11.161372994278333 0.031012372104386197 0.9993362855034955 -0.019109852747775942 -0.2500009371592899 0.004199690144615038 0.018988603129628003 0.999810927096926 -0.13739851200045555 
000115 000125 0.9993331247158952 -0.03575372730998149 -0.007418933236032824 -11.216796193707713 0.03565735750578533 0.9992827516563265 -0.012738238880727483 -0.2788746515351489 0.007869070392006473 0.01246521528184021 0.9998911976498527 -0.12957249188493308 
000116 000126 0.9991455151830895 -0.04049267058993254 -0.008283873483638885 -11.24677302176623 0.04042564594293217 0.9991497378599937 -0.008103305767684062 -0.28419735300758187 0.00860494965611734 0.007761493432833902 0.9999328570482829 -0.13691318307678546 
000117 000127 0.9990014859795272 -0.04439198565697084 -0.005057320480743369 -11.274343613127607 0.04435381817126787 0.9989881868104239 -0.00742660669648288 -0.28544595418215923 0.005381883315015058 0.007194872830129047 0.9999596260969594 -0.13625480419415942 
000118 000128 0.9988427119621075 -0.04801365503648189 -0.002777993955021537 -11.307518860588223 0.04800214615085107 0.9988389430181837 -0.00407441305696273 -0.29532201886390785 0.002970386880209491 0.003936355522730521 0.9999878735831076 -0.15063732619737652 
000119 000129 0.9986607815625237 -0.05159575154566198 -0.003811930975421305 -11.351518730465662 0.051561292609288246 0.998632484323258 -0.008641737350010344 -0.3060089924288373 0.004252586553185902 0.008433609848600492 0.999955430562127 -0.1512498891336047 
000120 000130 0.998441515276159 -0.0555949430712229 -0.004865835366401228 -11.386834358480604 0.055555540091465114 0.9984244579248728 -0.007890065872149044 -0.3011823133237933 0.00529680841201962 0.007607439889115551 0.9999571014566897 -0.15404634658213046 
000121 000131 0.9984537699436039 -0.05558649909626989 0.0003828686162145351 -11.420055155152136 0.05558758373892645 0.9984457990085747 -0.003981672994556215 -0.3019672363760523 -0.00016094943960229702 0.0039968084741953324 0.9999920585587052 -0.10092784656084558 
000122 000132 0.99850567953936 -0.054258478795908435 0.006512973630327338 -11.435057252781768 0.05425185791683896 0.9985265125916332 0.0011876477025589613 -0.2940619171401787 -0.00656781663712306 -0.0008325244099520048 0.999978164771721 -0.05689922148670007 
000123 000133 0.9986198774466755 -0.05200621512707474 0.00733055239130653 -11.453369674524446 0.05198075788579975 0.9986414827834738 0.003620872288955741 -0.2732234215781585 -0.007508882187062361 -0.003234829601078075 0.9999665085788729 -0.042038488155493325 
000124 000134 0.9987877330842136 -0.04903796574653906 0.0042858093564017 -11.495052909281268 0.0490057762985003 0.9987717667187515 0.007317405327279093 -0.2520498326282899 -0.004639397036246318 -0.007098512994476384 0.9999640891010269 -0.07697621031486368 
000125 000135 0.9989036713183375 -0.04669870100506563 0.003284493257092372 -11.513879673966256 0.046673817309229544 0.9988837429015921 0.007279857039451129 -0.19703720839081112 -0.003620788429695875 -0.007118585752699636 0.9999681992364924 -0.08927019977896772 
000126 000136 0.9991211866231977 -0.04172607786656944 0.004007701120311891 -11.550250884884566 0.04171603457530584 0.9991263464800788 0.0025576594384128133 -0.17994005700498394 -0.0041109209825273985 -0.00238820933479908 0.9999887371769928 -0.07980715828879076 
000127 000137 0.9992938084731656 -0.037399147651449104 0.0036178118280995974 -11.580629075482282 0.03739558554119732 0.9993000419016568 0.0010485331101841844 -0.15150693836065682 -0.0036544899868662857 -0.0009124965008759623 0.9999929087470919 -0.10239741749294401 
000128 000138 0.9994443540161727 -0.03284216819702051 0.0056895277812078595 -11.607681750884682 0.03285420447543458 0.9994580395345543 -0.0020350827122110286 -0.13063036927684457 -0.005619616167606402 0.0022208713464101624 0.9999817890587741 -0.10786615932470678 
000129 000139 0.9995513134084076 -0.028821441042311328 0.008152054616147139 -11.629954856015452 0.02883367096352593 0.9995833286372083 -0.0013856339617467639 -0.11927078933120061 -0.008108712779593715 0.001620075362020023 0.9999657565796479 -0.1040772436321673 
000130 000140 0.9996598613425918 -0.024304062239443425 0.009463705948493596 -11.659293253443304 0.024310758297626394 0.9997042834652151 -0.0005927259996486365 -0.09960720733123696 -0.009446503476281136 0.0008225935264402164 0.9999550410790868 -0.08646667306510786 
000131 000141 0.9997950125714093 -0.01939050300409585 0.005812973303333165 -11.683487233456448 0.019373267095828022 0.999807849433974 0.003007737465833392 -0.07472650546887744 -0.005870191050766557 -0.0028945111285358684 0.9999786773389561 -0.10907041604760687 
000132 000142 0.9998967009216816 -0.014371555017383884 -5.472636859990304e-05 -11.717940543444437 0.014371660423555031 0.9998867525465912 0.004493926615279658 -0.0659501692880971 -9.869546829654098e-06 -0.004494257169132848 0.9999898668397053 -0.11408245162755512 
000133 000143 0.9999214028857698 -0.011769696823082558 -0.004282725716789584 -11.74348958131719 0.011791231400972107 0.9999179847102151 0.0050344404806484475 -0.0453233830498086 0.004223117394952675 -0.005084541847411835 0.9999780484379795 -0.15888905825920965 
000134 000144 0.9999516657597275 -0.008198776632569113 -0.005400893264142134 -11.759392707627178 0.008212694101927156 0.9999630103171246 0.002558012554290494 -0.05119930584342877 0.005379728155269529 -0.002602236677480561 0.9999820764006494 -0.19399708194510235 
000135 000145 0.9999625078601062 -0.006565542668116084 -0.005646649626833733 -11.770183915985609 0.006568000183635789 0.9999782104937843 0.0004153671587066187 -0.059655829524584175 0.005643799587678055 -0.00045244774188425973 0.9999839675077935 -0.1946232795046087 
000136 000146 0.9999747107808683 -0.005860056072391376 -0.00399415022194449 -11.78152196759741 0.0058606743699778745 0.9999826835783798 0.00014166940474563209 -0.05810922392886647 0.003993237836604274 -0.00016508574782669787 0.9999919346940336 -0.17600663020121865 
000137 000147 0.9999882193509156 -0.004829390037846048 -0.0005495748880024354 -11.791322065246257 0.004829842145513097 0.999987783801884 0.0008186711714764745 -0.06119336931244955 0.0005456127027808018 -0.000821320712984263 0.9999995308237523 -0.14658575380627611 
000138 000148 0.9999874184517574 -0.0050078899020043295 -0.0002549541658561149 -11.77864479757218 0.00500875878064614 0.9999812466435005 0.0035254692769643337 -0.03239368784738075 0.00023730009561776113 -0.0035266960970777176 0.9999937455859561 -0.1361251401785398 
000139 000149 0.9999907766144782 -0.002860151880168466 -0.0031976981027158242 -11.788054752685408 0.0028787978280876846 0.9999788020476658 0.005842860545725341 -0.035095414080046766 0.003180923871660203 -0.00585201141114851 0.9999777904275493 -0.16656759999728415 
000140 000150 0.9999702845186227 -0.0017152551917820839 -0.007502668193530936 -11.790896007525525 0.0017470447581467254 0.9999895620477446 0.004233148120277982 -0.05040571392035784 0.007495328026081901 -0.004246133871356062 0.9999628406709977 -0.1950640177750936 
000141 000151 0.9999434732171134 -0.0033746847274329656 -0.010081915451853366 -11.778145455543656 0.0033883266386581473 0.9999934068324331 0.001336781165426933 -0.038630505443726586 0.01007735471615097 -0.001370865734667442 0.999948091465984 -0.21596528940984194 
000142 000152 0.9999464880134483 -0.0030878666458258 -0.009876211239350464 -11.762546513871483 0.0030591761692565986 0.9999909847766306 -0.0029186122778501323 -0.05029091686756829 0.00988513929596358 0.002888244550333577 0.9999469482452542 -0.2175469703047152 
000143 000153 0.9999817329025791 -0.0032382567144648186 -0.005136383338900509 -11.752455071567773 0.0032218405687964306 0.999989568645943 -0.0032002668947912092 -0.050691304143602435 0.005146695193976539 0.00318366362641967 0.9999816484638534 -0.19062328353639446 
000144 000154 0.999995696241124 -0.002935545950627561 0.00010904738531903745 -11.738553002971692 0.0029354618301528157 0.9999953989715421 0.0007317953896904188 -0.049897010987887506 -0.00011119549014814117 -0.0007314623074283894 0.9999996622667261 -0.16628562809202732 
000145 000155 0.9999978080369031 -0.0018866837194522806 -0.0007631157022772286 -11.720503633506866 0.0018897093995303236 0.9999904321575595 0.003980314652174904 -0.05217994885908716 0.0007555861317232091 -0.003981748326283952 0.9999918502206656 -0.1763924777436652 
000146 000156 0.9999825257752505 -0.002489150872722782 -0.005368529197941119 -11.705219977202095 0.002533130340102604 0.9999631118456843 0.008203069275341522 -0.03129508572428526 0.0053479293036385305 -0.008216528950970033 0.9999519257144923 -0.21572616079194046 
000147 000157 0.9999449231835678 -0.0018677070461422267 -0.01031426694711837 -11.698644948826324 0.001969042717699329 0.9999498706175204 0.009823963097692725 -0.03407385279930579 0.010295399736276325 -0.009843727396087052 0.9998984680600387 -0.2406532565116174 
000148 000158 0.9999189180306327 -0.0016871575067908717 -0.012623761371655419 -11.687284506864302 0.0017782163555424 0.9999722825855054 0.007205899067027251 -0.0489670576748014 0.012611269671445694 -0.007227772815951266 0.9998943708521201 -0.24708576191782608 
000149 000159 0.9999101584878138 -0.0035915195783370255 -0.012919972545504685 -11.657764614059877 0.0036339026544759973 0.9999880497865581 0.003258753930346585 -0.04062872191454789 0.012908123166370904 -0.003305408088099036 0.999911255008845 -0.2501016721599526 
000150 000160 0.9999533919124329 -0.003034034102231062 -0.00917041730943626 -11.645318293734586 0.003040875497470776 0.9999950865356866 0.00073224012895565 -0.05683527033245438 0.009168175317157853 -0.0007600889956478364 0.9999576623477412 -0.23443176200628296 
000151 000161 0.9999877017320105 -0.003161079726033796 -0.0038365807350872927 -11.611995557467699 0.003151793563274772 0.9999921620754539 -0.002425465291272581 -0.06281645048242049 0.0038442140338904177 0.0024133324060813433 0.999989746772704 -0.1859370509522631 
000152 000162 0.9999930311650044 -0.003300131407313249 -0.0016797497407256936 -11.606895217463114 0.003295512599233443 0.9999908016744488 -0.0027456184982345947 -0.06708806645235167 0.0016887956584144038 0.002740064956392546 0.9999948558246375 -0.15998248405314056 
