000000 000010 0.997198247931358 0.07450672170349876 0.0066575276974124385 -3.2264388194496796 -0.07453314874128095 0.9972112201947154 0.0038145127469419453 0.15087500160960293 -0.006354754407802282 -0.004300032858663431 0.9999705813826099 -0.007998849225982065 
000001 000011 0.9942665466200258 0.10669210453804084 0.007127569753869366 -3.3125216681879435 -0.1067123235661558 0.9942867331402323 0.002519981870812479 0.16827405786798616 -0.006817983731777858 -0.0032661371170169848 0.9999715471556349 -0.006142104668492101 
000002 000012 0.9910958637512929 0.1330067350972588 0.006165321092545888 -3.4152549433745083 -0.1330197111959744 0.9911117586101371 0.0017351203462672347 0.18509261742987265 -0.005879742179937544 -0.0025397774719988957 0.9999794966036417 -0.012117379909285004 
000003 000013 0.9883186086381107 0.15234779868330545 0.004052225387189289 -3.5109203712714434 -0.152342105398499 0.9883264789950162 -0.001681448368068847 0.18672339900395338 -0.004261086832305446 0.0010444793077991324 0.9999903444396021 -0.015110911912784498 
000004 000014 0.9859999046218291 0.16673444798754777 0.001908431281090911 -3.625367088925427 -0.1667261887126346 0.9859955381001445 -0.0038950210150669384 0.1761593045080973 -0.002531137536924271 0.0035223047009210846 0.9999907494097307 -0.025621601575864888 
000005 000015 0.9849009470758289 0.17311925482065219 0.00013645074663300202 -3.740356174425176 -0.17311428719642347 0.9848781309441141 -0.00680978746434113 0.16316255383861056 -0.001313292351474319 0.006683343438685793 0.9999768528109356 -0.029345270955354517 
000006 000016 0.9847670941879512 0.1738780379062362 -0.0002910626339609219 -3.8627339019256013 -0.1738763072663331 0.9847462555336635 -0.006479640958836387 0.14869423965454592 -0.0008400440134139699 0.006431550839577507 0.9999789050575533 -0.027641412259263063 
000007 000017 0.9857942293784443 0.1679550652897891 0.0009934409966966633 -3.9911168286014895 -0.1679517031609462 0.9857911308693756 -0.002824714489758093 0.14617427589147758 -0.001453753124972431 0.002617732257715304 0.9999955059104092 -0.020509554881004068 
000008 000018 0.9876110843864873 0.1568936357502505 0.0029808470968071027 -4.104643482324559 -0.15689319914002353 0.9876154538548699 -0.0004037669000980506 0.13745186571325665 -0.003007277252085373 -6.890953304384156e-05 0.9999954847683882 -0.007445594966625061 
000009 000019 0.9893593995845671 0.14541863647533393 0.004637362039349634 -4.245440165674851 -0.14543154724709834 0.9893649917413995 0.002592662653010452 0.12468200722192418 -0.004211022293879818 -0.0032394907133148727 0.9999857996890164 0.0008911420169622174 
000010 000020 0.9910199705187621 0.13355107531598184 0.006602915227186734 -4.364878760314862 -0.1335725077119879 0.9910348365857845 0.0029153246617999555 0.11821828042310989 -0.006154377165211502 -0.003771112582167891 0.9999738930455169 0.01107074500703714 
000011 000021 0.9926173221589193 0.1209375693982052 0.009216446433840213 -4.5034057551026185 -0.1209913668600742 0.992638235764995 0.005515687620470203 0.1151431630982453 -0.008481551131203323 -0.006590078758761747 0.9999423012613179 0.014851674530378998 
000012 000022 0.9939571294050781 0.10925488098696035 0.010616253357357107 -4.628526207908175 -0.10935282169218652 0.9939610148220109 0.009140994988302986 0.12023690730622393 -0.009553439894116347 -0.010246673838738384 0.9999020121131418 0.019174578928408324 
000013 000023 0.9948841436575889 0.10010883189841453 0.0135540088677579 -4.762501758267675 -0.10025514324781654 0.9949053713377842 0.010577831715190599 0.13210547748948573 -0.012426024247961031 -0.011882577751276144 0.9998522313757121 0.009415186849035107 
000014 000024 0.9954916307431378 0.09295470943072788 0.01886261205467322 -4.900261860098508 -0.09308620997771146 0.9956385035110435 0.006213984469053687 0.12906163537170867 -0.018202736750459317 -0.007941818201914506 0.999802620252877 0.04400178332273281 
000015 000025 0.9958537666465774 0.08837582716325346 0.021562350277718464 -5.031174219325571 -0.08846073782995284 0.9960752492087273 0.0030148772320903535 0.1290667941788184 -0.0212112796179896 -0.004909801614265348 0.9997630776685843 0.05742101583359044 
000016 000026 0.9961206698220908 0.08503358409146439 0.022647737459562615 -5.165746784014419 -0.08514016354410398 0.9963618949120507 0.0037838110691598694 0.14141196266195802 -0.022243596334023143 -0.005697363382671689 0.9997363489115677 0.05678964976944194 
000017 000027 0.996236257430246 0.08381577035533168 0.022091345698250255 -5.302185096671141 -0.08389392147916606 0.9964712483302416 0.0026367303788014823 0.14775226294022606 -0.021792393447207778 -0.004480141004601833 0.9997524443041178 0.055703032449875386 
000018 000028 0.9962187322120951 0.08375544811418217 0.023088456289224145 -5.4351511709734 -0.08384155735154614 0.996475213676172 0.0027912555622901314 0.15008576731610257 -0.02277329063756492 -0.004716478368590654 0.9997295121799415 0.058335853262801836 
000019 000029 0.996097753483201 0.08476502370689601 0.02457929872102331 -5.562592912179723 -0.08482578839730372 0.9963947573937945 0.001437473153103304 0.15235841695449664 -0.024368833401116473 -0.0035168223792198684 0.9996969873344799 0.06574309992197605 
000020 000030 0.9960875943066853 0.08416511198285696 0.02693884557591645 -5.700352109921221 -0.0842246755777492 0.9964461726637873 0.001084023711525902 0.15681088172185806 -0.026751874321171012 -0.003348700030104062 0.9996365388461858 0.08075488800438346 
000021 000031 0.9960791195969901 0.08245086509647531 0.03206633349107016 -5.8286691983916095 -0.08236941212523688 0.9965945159375175 -0.003851875612071739 0.14421015667585732 -0.03227473222447389 0.001195485202349327 0.9994782094377044 0.10537630988191982 
000022 000032 0.9961207067675827 0.07911583167294924 0.03852541861551508 -5.955124564426945 -0.07872344985959548 0.9968290772801737 -0.011599751692345605 0.11342610395208103 -0.03932099332625426 0.008521895061474995 0.999190226087315 0.140890317522767 
000023 000033 0.9961822041163657 0.07463748825654322 0.045281887055118396 -6.075475287458631 -0.07405975377107847 0.9971512531243587 -0.014305348853240338 0.09045395496744185 -0.04622063251702625 0.01089716830751614 0.9988717194045849 0.18437732518289532 
000024 000034 0.9962820363783296 0.07027650110479192 0.049833400673653785 -6.19711089448956 -0.06970315645751776 0.9974810433155527 -0.013153917485699692 0.08256975670366146 -0.05063227531152951 0.009631472788012506 0.9986709757816862 0.20910343342982726 
000025 000035 0.9964038968262623 0.06523941708363311 0.05406486066567954 -6.33401696583528 -0.06463503346473394 0.9978261475405369 -0.012856806688471651 0.07996942384424688 -0.05478609653663746 0.009316095511125052 0.9984546096992236 0.22154822493972606 
000026 000036 0.9963458133621451 0.06219302675143105 0.05854108627671052 -6.444580673545208 -0.061217823024859654 0.9979563996628237 -0.0183084569554274 0.06096520454500756 -0.059560117565775526 0.014657799855109706 0.9981171678731684 0.23531864106356637 
000027 000037 0.9963210162512466 0.05851334434633391 0.06261701486500107 -6.577301724195631 -0.057118497155890624 0.99808262917825 -0.023841070661140745 0.05375809300329748 -0.06389199645468707 0.020176772308261055 0.9977528692033936 0.24312314991150136 
000028 000038 0.9963364290697875 0.055298110129077156 0.06523616040419357 -6.6966901612182985 -0.053622198024484764 0.998191766535598 -0.02716776962891058 0.049576218815216413 -0.06662055252408375 0.02357014090699845 0.997499909109995 0.2422430013365136 
000029 000039 0.9965067448686434 0.05246220141000898 0.06497579767955948 -6.821819344894601 -0.05063553336494975 0.9982830632998874 -0.02944890246316632 0.0478328301944264 -0.06640926862688296 0.026055959359121725 0.9974520734501866 0.22556612126051176 
000030 000040 0.9968561833948781 0.05006766823689738 0.06141098486370847 -6.948722599448892 -0.04825160308218561 0.9983631658628517 -0.030706982753915344 0.045839341556230706 -0.06284793404471246 0.027647265335639683 0.9976400238893367 0.19965215305406644 
000031 000041 0.9973099575785522 0.05034080832766628 0.05327757987417379 -7.076289829190573 -0.04879515873243998 0.9983603672140529 -0.029926962875294356 0.06083962894753346 -0.05469677687783258 0.02724679972372573 0.9981312204281347 0.15463388757628369 
000032 000042 0.9976637811231877 0.0523057910215181 0.04394236452540615 -7.201849982645006 -0.05115150411882924 0.9983258926634951 -0.026998655695280847 0.075867545540036 -0.04528098455150962 0.024687876168314925 0.9986692677074409 0.10630845486459295 
000033 000043 0.9979224965274118 0.05495084287121438 0.0336315398346301 -7.329485637937135 -0.05416521019441468 0.9982472424641109 -0.02384488663737425 0.09787326425011247 -0.03488291168396002 0.021973711069065746 0.9991498554837506 0.06223042170233213 
000034 000044 0.9981231769682334 0.05732639300760962 0.021539273456384685 -7.420261729576403 -0.05691573681698982 0.9981940045863407 -0.019219866552799232 0.13688169054647545 -0.022602166689655794 0.017957868643528285 0.9995832054827303 0.01319072702038375 
000035 000045 0.9978363967567134 0.06505028583312453 0.009537838772941117 -7.588379448717512 -0.06488240629351141 0.9977487955105704 -0.016950962682025887 0.15072553426854465 -0.01061905400048592 0.016295451900431794 0.9998107680700334 -0.03621355711352581 
000036 000046 0.9977098025396192 0.06761654081360276 -0.0017861365922834133 -7.682973415679308 -0.06763391625579618 0.9976276774154021 -0.012826057549639376 0.1808495391981287 0.0009146339150716943 0.012917477865587874 0.9999161038776683 -0.09339555670303933 
000037 000047 0.9973491115260154 0.07190174884010957 -0.011166546688777522 -7.787136072326665 -0.0720224684357064 0.9973443143385033 -0.01081669609237011 0.200368749876548 0.010359162679993648 0.011592272025355224 0.9998790981779012 -0.12177262660539609 
000038 000048 0.9969557301492965 0.07594013149899706 -0.017679251511358192 -7.888947915955517 -0.07606515260373646 0.9970816332838043 -0.006502078947820033 0.227491119543578 0.01713390105748987 0.00782705539701962 0.9998226259600445 -0.13031609842153707 
000039 000049 0.9964901488806944 0.0809166356828444 -0.02144449865137572 -7.997609098614653 -0.08100485209534565 0.9967083161094156 -0.0032750998326240323 0.2541741521352195 0.02110895281523933 0.005000717405882178 0.999764729225933 -0.12826067989976558 
000040 000050 0.9961439156317342 0.08451013095261235 -0.023565116909316296 -8.092508419959376 -0.08456067064570216 0.9964176180266523 -0.0011498280539908553 0.2693283783657464 0.023383539123845953 0.0031380746461020527 0.9997217499281165 -0.11926335915802011 
000041 000051 0.9958598641611109 0.08767738013080387 -0.023995521364622265 -8.190148002370636 -0.0877141940041223 0.9961454528347374 -0.0004842998646607599 0.27435938840683266 0.023860559451107915 0.002587032258219486 0.9997118972079807 -0.11139141932806106 
000042 000052 0.9956604292861586 0.08962935199247887 -0.025038190675298524 -8.287428993611783 -0.0896572490204308 0.9959726295730453 5.603127418149628e-06 0.27754703016288323 0.02493785227162928 0.0022392804166231663 0.9996865237442096 -0.10939321585937005 
000043 000053 0.9954831801107762 0.09091402741051761 -0.027350917415559665 -8.381100834615687 -0.09092555939619966 0.9958573671576527 0.0008229005221276117 0.27938849667395166 0.027312446352449667 0.001667707057966175 0.9996255379075215 -0.11954838708966449 
000044 000054 0.9953207401890698 0.09204106251982022 -0.029409449559795336 -8.509224231814708 -0.0920593622837815 0.9957532182532494 0.0007263782563020395 0.27348348085548796 0.02935143469827144 0.001984436167143891 0.9995673235041761 -0.14319995601704139 
000045 000055 0.9956594447604523 0.08875747023506056 -0.02800525594923853 -8.559908683029095 -0.08869916977808269 0.9960530027646011 0.0033184142615396333 0.28769037063954334 0.0281892463177524 -0.000819968639494084 0.9996021909786441 -0.16113942086396313 
000046 000056 0.9957151534870533 0.08915070214964194 -0.02456319022222053 -8.68545610866312 -0.08904201757909463 0.9960128840895225 0.005483201738164955 0.2853005358227093 0.024954088463042624 -0.0032725419295960905 0.9996832643934985 -0.15145826933252837 
000047 000057 0.9959572715487969 0.08701785869603385 -0.02229806923076624 -8.799506698690568 -0.08686760256022079 0.9961909024606541 0.007621394606120494 0.27898441858811945 0.022876321324416676 -0.00565359754930459 0.999722389461245 -0.13651218620596467 
000048 000058 0.9962409451893767 0.08371534613849599 -0.02226253658359682 -8.899563181233253 -0.08353045572689015 0.9964635670264902 0.00911027526659669 0.2705433088006733 0.02294646270245369 -0.00721643892806558 0.9997106236382842 -0.12560730773675485 
000049 000059 0.9964780057591613 0.08074684478524632 -0.022616201385287332 -9.017112592434552 -0.08049414775770475 0.9966843145964519 0.01187348053970123 0.25477545285058967 0.02349998018152347 -0.010011197951554847 0.9996738006993141 -0.12081732304876948 
000050 000060 0.9967731643556185 0.07718930881098382 -0.02201888068128507 -9.146519136751605 -0.07692061708514598 0.9969551665853169 0.012798339764499778 0.24140654691900368 0.02293975377682988 -0.011063336319391456 0.9996755290997369 -0.10659510217383611 
000051 000061 0.9973010209461528 0.07060755847553936 -0.02013394853087829 -9.248122970349293 -0.07034714632898101 0.9974330190704646 0.013363903403695277 0.22961952584936934 0.021025864801929327 -0.011911487904959795 0.9997081188011872 -0.08267369535365139 
000052 000062 0.9976986288584683 0.06547236969347323 -0.017633335635448538 -9.371855515253518 -0.065279580309641 0.9978031757060889 0.01129327037934233 0.18598459665877487 0.01833400803927165 -0.010116181618787887 0.9997806826849116 -0.05700845242361693 
000053 000063 0.9982346845672717 0.057453360177533115 -0.015055704317959514 -9.496966484379543 -0.057312938383705 0.9983101727349467 0.009599758049725845 0.1349632322624082 0.01558181686084949 -0.008719930659823896 0.9998405615543634 -0.049544006901403405 
000054 000064 0.9987008798930672 0.04967371391436716 -0.011361648161895159 -9.62378742191412 -0.04956467124665793 0.9987239024294841 0.00969415221151911 0.09057030505930991 0.011828688728765782 -0.009118424133185912 0.9998883693341624 -0.053436787178242365 
000055 000065 0.9990717649957421 0.042315559369945265 -0.008061095211387108 -9.760089654967626 -0.04223865993483296 0.9990625132621718 0.009492782970017903 0.053522820193680626 0.008455232607343792 -0.009143477632426452 0.999922541127853 -0.044704318740135265 
000056 000066 0.999400592455606 0.03415313445745891 -0.005661073775722029 -9.878702628607684 -0.03409878674086585 0.9993739819004646 0.009433928433968619 0.04222317102492601 0.005979728930718714 -0.009235243646140711 0.9999394739255424 -0.03281933316933803 
000057 000067 0.99953052773489 0.030312827266957956 -0.004434977253908831 -10.007160278899688 -0.03027020010251097 0.9994973915137155 0.009408992416777002 0.025939359845871174 0.004717951571028992 -0.009270329231615543 0.9999458132897893 -0.02272054623564778 
000058 000068 0.9996428457654148 0.026348058118835862 -0.004462499856197058 -10.119877647047756 -0.026299463883001375 0.999597766039821 0.010611561898675381 0.036611426564427424 0.004740306177208794 -0.010490411535924999 0.9999338342447849 -0.0391884625082541 
000059 000069 0.9996728004490825 0.024612589762740514 -0.00697764591857876 -10.238731101311668 -0.024540685648123797 0.9996467265639755 0.010206093863495226 0.055317061850278654 0.007226383141096642 -0.010031523149105657 0.9999234028496046 -0.07686948379784819 
000060 000070 0.9996319401738449 0.024786718100951795 -0.011028736526648998 -10.337689190396166 -0.02465963956399363 0.9996296570730222 0.01149812635828403 0.0863348798226031 0.011309661616948338 -0.011221938619095352 0.9998730145318016 -0.11665202038384302 
000061 000071 0.999525948530157 0.02787648119136174 -0.013062341227548919 -10.41604345551605 -0.02769212058754476 0.9995173073123638 0.014084007206623145 0.14347405164025487 0.013448648452533983 -0.013715599187106207 0.9998153883467045 -0.13721713394673532 
000062 000072 0.9993125493255915 0.035275567004146996 -0.011388694930776965 -10.486513769279613 -0.035086319461943065 0.9992496115451918 0.016411400436923664 0.2127771258085687 0.011959069194364392 -0.016000525453957262 0.9998003610067316 -0.11416109585043538 
000063 000073 0.998970612096329 0.044752587195241215 -0.007414832082138031 -10.530335265242195 -0.04462704608812091 0.998870768308773 0.01629513116313226 0.29771327438028666 0.008135711920743171 -0.015947467968716444 0.9998397731976953 -0.07324547632183676 
000064 000074 0.9984157186098421 0.05595057058599482 -0.005975804147063949 -10.576533310256778 -0.05584896481517622 0.9983108417204206 0.01601112783573796 0.3607516436837195 0.006861534470496607 -0.01565201944602165 0.999853955871545 -0.06860615358463514 
000065 000075 0.9977635636108592 0.06612172589923995 -0.009793349940171364 -10.611687049727074 -0.06596865023786856 0.9977059422765738 0.015190779744773036 0.40769779833797515 0.010775324834997895 -0.014510769444545338 0.999836670676424 -0.11396234332081176 
000066 000076 0.9971600309673057 0.07396867254073665 -0.014162961413847064 -10.625560417131673 -0.07377156482190858 0.9971773294668257 0.013970174491209358 0.4287600161563766 0.015156337563049788 -0.012885680373543526 0.9998021123485449 -0.16864691645821844 
000067 000077 0.9967475759382557 0.07942897498802899 -0.013610136385103989 -10.642243627164353 -0.07930653333940635 0.9968068348005283 0.009307704749096108 0.4159066505325035 0.014305989055232178 -0.008198068349461114 0.9998641441925864 -0.1450146013853201 
000068 000078 0.9965366600805687 0.0828101355858335 -0.007572522626079257 -10.639408036227143 -0.08275981734229401 0.9965469155831186 0.006720551593098 0.38390744213419126 0.008102911056893777 -0.006070590623500212 0.9999487287746956 -0.08186361658894056 
000069 000079 0.9965918819663496 0.08246091605371014 0.0022009794636074394 -10.630470969128295 -0.08246507881113796 0.9965921078714394 0.001934494392195412 0.35793054327235785 -0.0020339663990537314 -0.0021094130406920366 0.9999957443027809 -0.0018480127642081668 
000070 000080 0.9964718408655487 0.0835390377008839 0.008061784407479254 -10.635316185572139 -0.08353176404458022 0.996504344865398 -0.001242604502915737 0.31293740001663595 -0.008137417992470359 0.0005648199388356677 0.9999666917635851 0.0019554059758090485 
000071 000081 0.9966931292639367 0.08105382156583396 0.005756523515283015 -10.652118514288224 -0.08104101777097016 0.9967077587175498 -0.002442444196260958 0.2921776041820172 -0.005935541494988152 0.001967855253288941 0.9999804441655523 -0.023977044729597906 
000072 000082 0.9970055965316285 0.07732072849500865 -0.0011966808707095545 -10.667031616618019 -0.07732293276611489 0.9970045043149057 -0.0017707313235213636 0.2620549430728051 0.0010561830070208243 0.0018579546330578275 0.9999978362672314 -0.09493237351690048 
000073 000083 0.997389817374769 0.07183028047916308 -0.007342687674529392 -10.69141749006191 -0.07185482112496094 0.997410279770782 -0.003121560492802717 0.22820817121147527 0.007099450921112902 0.003641023374777585 0.9999682357880445 -0.12767636495684206 
000074 000084 0.9979283368648972 0.06394826306443831 -0.0070461015504697305 -10.683437055962427 -0.06399058364599797 0.9979327006811588 -0.0059631922215998626 0.22303706251624383 0.0066502087256854305 0.006401720918666351 0.9999573704734861 -0.12226979541927221 
000075 000085 0.9981891252577061 0.06015194720748415 -0.0005502268864199375 -10.690901635095944 -0.06015400578926341 0.998175828547676 -0.005186152427733218 0.21388565691838715 0.00023726476590923398 0.005209872505930997 0.9999864116159862 -0.09719356319250572 
000076 000086 0.9982991548840692 0.05798345943982509 0.0060697373054542 -10.700416293882181 -0.05796053146754366 0.9983111301823155 -0.003897489160004015 0.2161427646341781 -0.006285487288621457 0.0035390639897694147 0.9999739357865294 -0.0592858968714681 
000077 000087 0.9984093961851372 0.056091826425101826 0.00570186911661575 -10.702484455974728 -0.05608599261698591 0.9984252568088444 -0.0011812703704915761 0.24829099294529994 -0.005759152152360148 0.0008596048524239907 0.9999829720738677 -0.05920949374845401 
000078 000088 0.9983023655856659 0.058236556692050676 0.0008746730614705186 -10.727465140981684 -0.05823748830869308 0.998302234948066 0.001069436352202533 0.2560599486859498 -0.0008109116052188678 -0.00111854018431244 0.9999990477861778 -0.08367868103408113 
000079 000089 0.9981492132459047 0.06047956290428801 -0.00633951873273304 -10.744268236529392 -0.06045165051719765 0.9981608825305204 0.004521434899326719 0.28890212809937377 0.006601321105035161 -0.004129822583941407 0.9999696300455296 -0.0934918873346227 
000080 000090 0.997952767451792 0.06355412718371672 -0.007156549434689645 -10.762560060131479 -0.06351802133393272 0.9979673280408394 0.005181986881994955 0.3092749699691494 0.00747135276338606 -0.004716815341730013 0.9999611537745118 -0.06535255054842735 
000081 000091 0.9977423364336998 0.06711409079946778 -0.002464178177422847 -10.788694005149884 -0.06710313016235857 0.9977370306896053 0.004233711470054871 0.3185132682721672 0.0027427531413384255 -0.004058806400487638 0.9999880734250907 -0.057761275156900126 
000082 000092 0.9976327639299705 0.06867225009135838 0.0036227715135027714 -10.77997182047216 -0.0686875101543168 0.997629019900184 0.004304525238183563 0.3503348417436355 -0.0033185869250239993 -0.004543174400705674 0.9999840635756788 -0.03821438495786381 
000083 000093 0.9972774700977762 0.07332844480411922 0.007783419656017324 -10.812553342091382 -0.0733642418411238 0.9972955102657716 0.004412830118091774 0.35718910184928004 -0.007438782005780136 -0.004971839677268485 0.9999599532379192 -0.028272245952932325 
000084 000094 0.9969870819087007 0.077061329635852 0.008842998303662166 -10.83015502161851 -0.07712417656511088 0.9969968186057937 0.006999491299985564 0.380604096030118 -0.008277058139336761 -0.007660417616949421 0.9999364822189503 -0.020528329739818666 
000085 000095 0.9967172418116673 0.0806329806988616 0.007291738034668659 -10.868796574597695 -0.08068905299731659 0.9967092217571658 0.007749201918374664 0.39520762004720433 -0.0066428927770226034 -0.008312135820645033 0.999943385382573 -0.033999912430294425 
000086 000096 0.9964927847507131 0.08360324182510852 0.0035669314916568396 -10.904995562343576 -0.08363144818359154 0.9964588514316951 0.008704737525782285 0.4051759755708813 -0.00282655506173535 -0.008972517372139888 0.9999557114288607 -0.04692011807567056 
000087 000097 0.9962897144376441 0.08602929150998616 0.0023706254622515104 -10.92813913682496 -0.08604873499608695 0.9962411295942396 0.009961881263093894 0.41753658840832786 -0.0015047080812509268 -0.01012891200315833 0.9999475269588618 -0.0636359381193576 
000088 000098 0.9960982592266253 0.0881747125521289 0.0036868375074252027 -10.958643927352632 -0.08820717988216192 0.9960538793160949 0.009797752205765632 0.42606390654787635 -0.002808371309020003 -0.010084726342599869 0.9999451666195831 -0.05457227207709427 
000089 000099 0.9959374852664952 0.08985912752586543 0.00583707322349759 -11.005088182749926 -0.08991120385657356 0.9959056051084244 0.009383035688447325 0.42949360246291246 -0.004970025718179479 -0.009869746077190716 0.9999389873917736 -0.04110550091661144 
000090 000100 0.9960295353667467 0.08887050473188995 0.005220582743394795 -11.033850782335671 -0.0889109603557729 0.9960064317728835 0.008119801746650317 0.43997884485762484 -0.004478143211737279 -0.008551733302426636 0.9999532368727883 -0.041578704129683924 
000091 000101 0.9960093184511255 0.08918399222356871 0.0034158626638271447 -11.081380810410396 -0.08920974218372468 0.9959779510289807 0.008345592450646266 0.41633321868862416 -0.002657833999586634 -0.008617017238834266 0.9999593379896016 -0.05750928115644022 
000092 000102 0.996171931104203 0.08737688865262794 0.002577481537882194 -11.130227164596711 -0.08739370358968394 0.9961471929249619 0.007278313048272814 0.3962379859688746 -0.0019316057717856697 -0.007475706527895968 0.9999702087811866 -0.05968676884398187 
000093 000103 0.9963067005617278 0.08583520291848665 0.002276715801810403 -11.18292896872525 -0.08584781107784963 0.9962885656142737 0.006250846159646658 0.373198397653343 -0.0017317222587174496 -0.006423216091063084 0.9999777239177858 -0.05305592581747938 
000094 000104 0.9964177213539241 0.08451295926916873 0.003078494139454784 -11.23671459506234 -0.08452665065304661 0.9964104219333741 0.004642028959227391 0.34969840976243904 -0.002675120102385007 -0.004885609864602888 0.9999844363094289 -0.02687500297719833 
000095 000105 0.9967323204383803 0.08056343951544094 0.005822308213087209 -11.266186716639522 -0.0805848800487115 0.9967416395412705 0.003522686616760492 0.3519329579602669 -0.00551952528644251 -0.003980363190051057 0.9999769024322432 0.0009267081290415952 
000096 000106 0.9968376589185014 0.07908347857684857 0.007757176108581447 -11.328986221226401 -0.07909270891238084 0.9968668623815847 0.0008701903779637049 0.32709962760104433 -0.00766405627186801 -0.001480973898497852 0.9999695554654269 0.007372950445250187 
000097 000107 0.9970152530777792 0.07685894079968575 0.00728520148600363 -11.385083564575169 -0.07687045819721525 0.9970401041422731 0.0013225932926857595 0.31201666099996705 -0.007161969845393656 -0.001878672363648277 0.9999726257068831 -0.011684799863198939 
000098 000108 0.9973101510634108 0.07306737963833526 0.005794854202903726 -11.432479315115927 -0.07308163478614593 0.9973235693470875 0.0022591650106908853 0.3221265714053317 -0.0056142790196042494 -0.002676586463746734 0.9999807356865108 -0.03473272772550334 
000099 000109 0.9974423002411633 0.07138104767759956 0.0036929258205234206 -11.479613995502296 -0.07138670231180305 0.9974477321814473 0.001428964789993137 0.30754168994131825 -0.0035815007236051207 -0.0016889250374094744 0.9999921101865542 -0.03786389875672791 
000100 000110 0.9976175061698254 0.06887193712543084 0.003998609578780568 -11.525507227368337 -0.0688860237867645 0.9976184210572332 0.0035017355863231282 0.3125058013717243 -0.0037479099385194187 -0.0037688306229534865 0.9999859348422111 -0.04057458494547851 
000101 000111 0.99773230506368 0.06715047508501926 0.004584783593222954 -11.578692872798433 -0.06716903387811202 0.9977334486227631 0.00401178596757736 0.30236271104887663 -0.004304995879627234 -0.004310647903493872 0.9999813967305697 -0.04570106969365301 
000102 000112 0.9978231918124565 0.06578117481060765 0.004666599240305009 -11.621651732238233 -0.0658108251851575 0.9978108540632236 0.006532774455391368 0.2864308678062674 -0.004226636381064376 -0.0068256642361892725 0.9999679157972005 -0.049654202019588714 
000103 000113 0.9980119861543657 0.06282272923707295 0.005036078248028118 -11.655331871442925 -0.06287171223826604 0.9979690846658859 0.010239611501342631 0.29129800038224607 -0.004382566798055505 -0.010535879812455146 0.9999350207924581 -0.05827654974941482 
000104 000114 0.9980709474537303 0.06188058597006661 0.005006673774633273 -11.713441400769346 -0.061939599374167396 0.9979998388983502 0.012643035820658701 0.2806981467603075 -0.004214297477575046 -0.012928762053946054 0.9999075747796841 -0.027189491696610196 
000105 000115 0.998085912106891 0.06169660486294163 0.004269507244001326 -11.766561968571262 -0.061758064002407534 0.9979591342290591 0.016228648301698866 0.2828525324118289 -0.0032595462040550865 -0.0164612534995632 0.9998592280067966 -0.003107107743452228 
000106 000116 0.9981128761933639 0.06128083222982197 0.003950982632922423 -11.788518150060064 -0.061357023903684665 0.9978380025796487 0.023555357710983604 0.3328286970437217 -0.0024989570692883338 -0.02375333767617724 0.999714666768537 -0.011759921620185826 
000107 000117 0.9977914470781895 0.0662069675115478 0.005386796122597978 -11.842029054373636 -0.06633116151430588 0.997415066365295 0.027630256781192967 0.3734536397772818 -0.003543574940447654 -0.02792655562252367 0.9996036824007796 -0.014443324576667485 
000108 000118 0.9975230941754096 0.07014679097278662 0.005197331906449343 -11.879190924231729 -0.07026885147241015 0.9971035548311444 0.029095651198209706 0.43927218640804816 -0.003141308886645265 -0.029388795311113724 0.9995631505506747 -0.03558026106726797 
000109 000119 0.9971802238407458 0.0749850894771689 0.0029850022046766732 -11.927042449920087 -0.07504175465307701 0.9966876143884391 0.03134562058045181 0.48549962454151185 -0.000624652340604713 -0.031481253071684916 0.9995042041961728 -0.06426959887047004 
000110 000120 0.9967463351447943 0.0805588737090258 0.0026369748508071112 -11.980791249155644 -0.08060176982953278 0.9962563919773728 0.031251670146797667 0.526212751717443 -0.00010948933655185546 -0.031362557930760024 0.9995080887445036 -0.08398358171881719 
000111 000121 0.9963957606139531 0.0847027298166724 0.004563667834698823 -12.002614473564696 -0.08479629593232647 0.9960231061382143 0.027343253859603494 0.5772818123266024 -0.0022294705844126813 -0.0276316965192676 0.9996156788549064 -0.05246289814640767 
000112 000122 0.9956522311888255 0.09289217303762123 0.006902777576359839 -12.048218670992345 -0.09305204816398474 0.9952571467622691 0.02836244673995701 0.6100727159245287 -0.004235401579013635 -0.028881459325587864 0.9995737491826323 -0.04447584684004792 
000113 000123 0.9949191523822513 0.1004566151623383 0.006645044977409639 -12.091621271403879 -0.10059040445462507 0.9946284160433974 0.024411389143306022 0.6283417985050552 -0.004157043209934966 -0.024955798885822507 0.9996799509648581 -0.01756880937607419 
000114 000124 0.9944048674379657 0.10559627820305877 0.0028848648044091235 -12.130176182517161 -0.10563559679498798 0.9940631968315565 0.02606402058095511 0.6704415880865561 -0.00011547614453447849 -0.026222947698734362 0.99965607761456 -0.043621480885346536 
000115 000125 0.9936084059191085 0.11288035626127224 -0.0006410944131123607 -12.181902023950183 -0.11283191445430438 0.9933184758125563 0.02423173693230343 0.6737719000611674 0.003372103078643397 -0.024004534376648425 0.9997062238255208 -0.07222904104368191 
000116 000126 0.9930651614520657 0.11756255001022996 -0.0008417487238957145 -12.233807791035161 -0.1175224328077239 0.9928694315339508 0.019967405210885813 0.6798443205697141 0.00318316922945564 -0.019730008819772674 0.9998002838996871 -0.07755977791224701 
000117 000127 0.9930800531041367 0.11743698450428508 -0.0006717017822915701 -12.251277912840488 -0.11741850380016901 0.9929975289880468 0.012991622151283364 0.686970929861959 0.002192704947682004 -0.012822846139715065 0.9999153739518482 -0.05773099547243345 
000118 000128 0.9927981999691676 0.11978928441609475 0.001484222393100935 -12.307285889594676 -0.11979793173708866 0.9927548104839377 0.009299276335565307 0.6645827194165792 -0.00035951901294055313 -0.009410129115845432 0.9999556702753483 -0.037854133428503786 
000119 000129 0.992920099913671 0.11867532941074833 0.0050536833046615085 -12.330451137331881 -0.11870818254660954 0.9929064445491129 0.006707507917524297 0.6721567809900193 -0.004221814632021256 -0.007259924427394464 0.9999646510712076 -0.026869496633709966 
000120 000130 0.9928343857840091 0.11936601228964291 0.0056297035755864065 -12.378207337682971 -0.1193978792552385 0.9928301812120295 0.005685692370487277 0.6594067123744837 -0.004910647432158427 -0.006317111199702354 0.9999680697320792 -0.02590412583131367 
000121 000131 0.9929884596170101 0.11819728685473677 0.0018860999476467304 -12.436303902751169 -0.11820646204799594 0.9929710387469952 0.005978705486342955 0.6425421684466804 -0.0011661862712303475 -0.0061597513623553425 0.9999803594169024 -0.0695809750984073 
000122 000132 0.9935029053542764 0.11377975670822058 -0.0025158610628314387 -12.461604360846401 -0.11375915125034478 0.993482337896883 0.0071612940722935925 0.6293572130834567 0.003314270720623852 -0.006828570697563525 0.9999712596583564 -0.09420240013839569 
000123 000133 0.9937675069524344 0.11140970391239428 -0.0037755399836223156 -12.515227852363033 -0.11137861200447705 0.9937487027940118 0.007641177478343819 0.5843123234678578 0.004603219202253349 -0.007173039966225036 0.9999636618264676 -0.10028301730944751 
000124 000134 0.9941471210079454 0.10803151781416222 -0.0009470197874029229 -12.562065188541792 -0.1080256109059872 0.9941358331407393 0.004939115495218234 0.5429796560188183 0.001475041596910584 -0.004807893267964185 0.9999873525373506 -0.0721341580605665 
000125 000135 0.9947732712578837 0.10206592023575257 0.0029126492705479354 -12.584400445960638 -0.10207960045105044 0.9947633849689558 0.005072454871007047 0.5241313022327625 -0.002379665974536878 -0.005343265704358963 0.9999828500833488 -0.05308423706058572 
000126 000136 0.9952387208881349 0.09733709835305582 0.005027997611215781 -12.619392560701625 -0.09736903172482143 0.9952269048696277 0.006534600850266603 0.4815970246621234 -0.004367929464006311 -0.006993056243065992 0.9999660516675847 -0.014501095856832125 
000127 000137 0.9958186268307133 0.09111087957269062 0.0066290560033328665 -12.640802655501783 -0.09116131364690121 0.9958058813935665 0.007765681747366927 0.4429795039232063 -0.005893702211557184 -0.008337532765479584 0.9999479167774072 0.0013108047052692168 
000128 000138 0.9964063215892217 0.08454753875088007 0.005129741577963255 -12.677568725058881 -0.08459755228722979 0.9963599287018527 0.010489142210720547 0.40526755776355683 -0.004224256447912741 -0.010885413297670964 0.999931758942151 -0.022128204276660332 
000129 000139 0.9969534897786387 0.077997112952083 0.0005110662227422788 -12.689440982303257 -0.07799612581662856 0.9968471400192979 0.014574724194626423 0.36441787548801446 0.0006273361228613694 -0.014570191973057004 0.9998937118364762 -0.07186608286627014 
000130 000140 0.9975458534451812 0.06995618968633364 -0.0029001978304830233 -12.700446182160668 -0.06988055477710226 0.9973357730046906 0.020933416040672895 0.3407209591876298 0.004356864991058144 -0.020679390052408157 0.999776506847267 -0.12662893577887624 
000131 000141 0.9979378513808581 0.06413273476473007 -0.002623980596458342 -12.69831990862006 -0.0640609722502072 0.997709927446594 0.021708427377715105 0.3058196646477034 0.004010203164728993 -0.02149557640889606 0.9997607867184298 -0.15648663811221608 
000132 000142 0.9982813846116224 0.058584399446543915 -0.0014722962304628666 -12.676196605133153 -0.05854147886237548 0.9980710198580284 0.020671422759467203 0.2593814573152278 0.0026804674737534217 -0.02054973064029115 0.9997852030880613 -0.1592480543936318 
000133 000143 0.998677900146554 0.05130428506460298 -0.0031784882745403273 -12.650767003849385 -0.051217853380252254 0.9984223306614884 0.023009017395708896 0.25208575479981643 0.0043539384892750995 -0.0228158088659979 0.999730164057382 -0.19051785599166216 
000134 000144 0.9989077517925958 0.046209167477682285 -0.006927247446313968 -12.628551284611358 -0.04603479860461717 0.9986631148550669 0.023511687522412617 0.2049555652660437 0.008004428267187126 -0.023167127865113664 0.999699465162906 -0.21351432917768026 
000135 000145 0.9991192157612526 0.04077105262261636 -0.009931498540530511 -12.590127858901173 -0.040544679507769216 0.9989350785417218 0.02202386904613629 0.1792723563334884 0.010818839750588827 -0.021601813477745837 0.9997080324473826 -0.21372399731546118 
000136 000146 0.9992408160941034 0.03658258917153139 -0.013393198782961163 -12.543874126367216 -0.03628236767719563 0.9990991417041556 0.022008263690360155 0.1640419337899096 0.014186239241916887 -0.021505633187609882 0.9996679702906781 -0.21758014900488698 
000137 000147 0.9992778144858153 0.03325656494564833 -0.018385128437472545 -12.478941144923555 -0.03281763397641164 0.9991806224309415 0.0236855476408671 0.1509413499871105 0.019157763718202974 -0.02306508177176634 0.9995503526823576 -0.23542299332474997 
000138 000148 0.9993761435321866 0.02941782083025648 -0.019542749612589696 -12.413776489248434 -0.028931183867831615 0.999275251213752 0.024737243805553845 0.1533265097282996 0.0202562954697566 -0.024156420173840062 0.9995029257130489 -0.23667920854473096 
000139 000149 0.9994953696447794 0.027287393614237456 -0.01626124111387029 -12.332097238919712 -0.026908468662209074 0.9993713611250539 0.02308432540738619 0.1267951604524905 0.016880919893785675 -0.02263512191029636 0.9996012155157672 -0.2229461313695501 
000140 000150 0.9996248489068373 0.0246428348662177 -0.011950098893972593 -12.243949002031167 -0.024405682824022452 0.9995097845004192 0.01960689488189294 0.10302886280108534 0.012427418967223788 -0.019307894857198145 0.9997363796659783 -0.19285641646462615 
000141 000151 0.9997562064546864 0.020123422576327384 -0.009089046673369324 -12.15575634020429 -0.01995427293768205 0.9996327906556585 0.01833454879336633 0.10224131471632665 0.00945465911338204 -0.018148699778373713 0.9997906534435087 -0.17150528844284557 
000142 000152 0.9998271843941895 0.01720679472064995 -0.007039558237073753 -12.050769121434687 -0.017099162164254344 0.9997397515134722 0.015102160160091119 0.061015031480552255 0.007297588757649104 -0.014979165784737979 0.9998610924553966 -0.15793061186161533 
000143 000153 0.9999198799140451 0.011841344517582834 -0.004466382761055131 -11.945529183154049 -0.011791749010919323 0.9998700725407406 0.010995062487669325 0.01256278634849103 0.004596009111471783 -0.01094151116308161 0.9999296905235479 -0.13891048607511658 
000144 000154 0.9999842342127645 0.005355629008791548 -0.0017677703938001367 -11.841798679766082 -0.005342623776416097 0.9999594585777897 0.007248039436946545 -0.062259071263541584 0.0018065076170169102 -0.007238473347252263 0.9999722498814261 -0.12494229472883792 
000145 000155 0.9999980640946892 -0.0019357354180940286 -0.00023424207735072295 -11.732319138569562 0.001936406855044319 0.9999936634241807 0.0029698152059361924 -0.13910408378631028 0.00022850031511973347 -0.0029702687538574303 0.9999955962139393 -0.11064299677411893 
000146 000156 0.9999297480698869 -0.011809169557860542 0.001079753918779403 -11.627396129701363 0.011810850780697652 0.9999288031158645 -0.0016278226105187552 -0.20005138342156292 -0.0010604429965544947 0.00164046815410429 0.9999981229872122 -0.10734565765683038 
000147 000157 0.9997690615440759 -0.02130816420221907 0.0027988513199998758 -11.52384084133866 0.021324483236084563 0.9997550025478678 -0.005938884236405336 -0.2859075980942923 -0.0026716076458980706 0.0059971961917341405 0.9999785457404654 -0.11591677292224048 
000148 000158 0.9994935069186741 -0.03154926905008713 0.004176817955691546 -11.421443598850859 0.03158562185625681 0.9994611018627646 -0.008931392899318567 -0.3681850299073728 -0.00389278014180351 0.009058797606661978 0.9999514794730977 -0.12556574172640556 
000149 000159 0.9990002625664101 -0.04450330901118659 0.004227973477150112 -11.342775097531186 0.044552238175655484 0.9989314548699325 -0.012286154763344324 -0.4180922450618542 -0.0036766695308362396 0.012462234508817477 0.9999155529798717 -0.12549766641893145 
000150 000160 0.9984515664051695 -0.055497427999222235 0.0038050608253708757 -11.255092647292509 0.05554636611252075 0.9983544439437687 -0.014256752440043824 -0.49395276952493966 -0.0030075825449161295 0.01444605274372046 0.9998911027081148 -0.13007125392100732 
000151 000161 0.9977379372939051 -0.06707930796733454 0.004413377131400956 -11.18827431111872 0.06714054549068325 0.9976211649337928 -0.01562562538890598 -0.5462146116254656 -0.0033547303056917052 0.01588658766619079 0.9998681104358308 -0.11812274163823068 
000152 000162 0.9969202703607243 -0.0781855177923819 0.006079387917282219 -11.124328479026875 0.07828347579529968 0.9967683922998203 -0.018007883714558488 -0.59414719915294 -0.004651796867860955 0.018428331315174885 0.9998194331871961 -0.0849692872485771 
000153 000163 0.9960376925049415 -0.08861352528680556 0.007537802700972725 -11.056661120771343 0.08874624803497512 0.9958618991087616 -0.019582626257257787 -0.636998793570989 -0.0057713234665859635 0.02017397759699721 0.999779786187918 -0.0673838174331225 
