000000 000010 0.9325930903626081 -0.3598507175681532 -0.027886322814544087 -1.9562756868980444 0.3600835880347184 0.9329128978751016 0.003659016125772851 -0.12440842673086727 0.02469881168820417 -0.013453777110073978 0.999604373194137 -0.05062443032515428 
000001 000011 0.9177227986245778 -0.3957512243166276 -0.03414605819632248 -2.1109293251049848 0.3961938017041213 0.9181397643525779 0.007063813976877049 -0.16056198606338418 0.02855533657625661 -0.020011079494986286 0.9993918620279209 -0.061715292003857974 
000002 000012 0.9026521033300672 -0.42857264187392063 -0.03930308667971714 -2.2553328530762116 0.4291613244815354 0.9031959408473846 0.007585856171467267 -0.20527178363009824 0.032247305337391625 -0.023714753687530007 0.9991985405530983 -0.0722417727154091 
000003 000013 0.8887855632741165 -0.4562391029075795 -0.043657840415736705 -2.3653586229035057 0.45695403819786123 0.8894585705075636 0.0075196734421350345 -0.2524266758696431 0.03540107379904957 -0.026633008468220355 0.9990181695709236 -0.07259474463894292 
000004 000014 0.8765018118674102 -0.47917466613952703 -0.046220316973241346 -2.5146897902484127 0.4800418331873174 0.8771971585176893 0.009233543403679248 -0.29441920388771 0.036119853200563434 -0.030280908176609646 0.9988886041259467 -0.08606599750584072 
000005 000015 0.865257398589876 -0.4991692189493762 -0.046472048667600394 -2.604784867446427 0.5000682661795078 0.8659342581770816 0.009470911191585283 -0.31476540131608804 0.035514148812733785 -0.03143398605619653 0.9988747191847414 -0.09134481658244083 
000006 000016 0.85533010292832 -0.515902999830463 -0.0474803618117686 -2.737152500916891 0.5168169538228523 0.8560525731445235 0.008618225129387777 -0.36961715225354946 0.03619952637980933 -0.03191009429549963 0.9988349987822555 -0.09002698060680146 
000007 000017 0.8480170772711594 -0.5278152867747209 -0.04772866815810639 -2.86552209418062 0.528804218086843 0.8486823391733246 0.010215627607413957 -0.38852228048647786 0.03511452157269533 -0.03390215155234336 0.9988081453193838 -0.0878785178070011 
000008 000018 0.8433033575422271 -0.5353528444069601 -0.04729302721741388 -2.99184704534316 0.5363870787057029 0.8438895280506736 0.011808851552038136 -0.4304106763130654 0.03358818764586383 -0.03532582156074652 0.998811230451282 -0.09048556034646414 
000009 000019 0.8399052103404155 -0.5410526471228732 -0.04267684991108987 -3.1292507706352986 0.54189730305747 0.8403775525093509 0.010633698165940873 -0.4580660045278621 0.030111261877633556 -0.032057763131933384 0.9990324079057263 -0.08654006216038546 
000010 000020 0.8390011068622542 -0.5430805215846917 -0.033773784986946775 -3.268321709262672 0.5435661493316283 0.8393401168939079 0.0066106452724174316 -0.4993633180800856 0.024757579732834677 -0.023904629985148237 0.9994076863966357 -0.06977675008308151 
000011 000021 0.8422300682676191 -0.5383210041470176 -0.02930762136964084 -3.415842825440554 0.5386652040200337 0.8425060791576786 0.00482218814629105 -0.5330679334079519 0.022095972466575766 -0.01984839168377714 0.9995588610089725 -0.05892186745032435 
000012 000022 0.8484849361236153 -0.5284323872008178 -0.02885717890871467 -3.5896499500769377 0.5288128415655722 0.8487088552113454 0.007081735447959366 -0.5281048736924971 0.02074913072217682 -0.02126878761941175 0.9995585001539878 -0.06516871020092233 
000013 000023 0.8564523255641097 -0.5155908565724996 -0.02560319817331519 -3.77189780097214 0.5159106557228482 0.8566092353038157 0.007536090805524445 -0.5512398291388787 0.018046389594020537 -0.019663261343125012 0.9996437984328008 -0.06680281517039913 
000014 000024 0.8660752387663175 -0.4995362040795418 -0.019422169648413097 -3.950086053008967 0.4997418463771469 0.8661423367109969 0.00744549728786965 -0.5574521597550385 0.013103067551832843 -0.01615443270335679 0.9997836781853385 -0.050201055766661735 
000015 000025 0.8776563989220852 -0.47914831742824177 -0.011674343162318907 -4.175442947149018 0.4792430162964981 0.877652031850614 0.007288549853537399 -0.5736060849303772 0.006753726532268188 -0.011991684725624488 0.999905233606779 -0.030306176338321927 
000016 000026 0.8905650718883578 -0.45482943581752777 -0.004913969951361803 -4.374812953548954 0.4548558553729872 0.890523022202646 0.008658876035680357 -0.5679576959087708 0.0004376810940280666 -0.009946444404601294 0.999950379121832 -0.008313342502679925 
000017 000027 0.9043627264703602 -0.4267647303530722 0.00017925086276661452 -4.59579100793175 0.4267501828060473 0.9043355709269421 0.007836446755114922 -0.5526883816522268 -0.0035064180145080643 -0.0070105113764031635 0.9999691937277851 0.011282784314912489 
000018 000028 0.9191205265928324 -0.3939681847733864 0.00256769508220742 -4.853313621463578 0.39393311267741365 0.9190962782671387 0.008876359812679195 -0.5388713050816565 -0.005856961177220016 -0.0071469404673760815 0.9999572930590581 0.02080970445008578 
000019 000029 0.9344139092788133 -0.35616966217636736 0.0037376443521880474 -5.06877176469411 0.3560970865766376 0.9343591697810799 0.012940983112705983 -0.4712368889896573 -0.00810148313237273 -0.01076128082851171 0.9999092956564741 0.016142604820606168 
000020 000030 0.9478532267284746 -0.3186859347923857 0.0037165491594622255 -5.328631560633641 0.31859790037544955 0.947768664540954 0.015172492729806654 -0.4197058776563464 -0.008357673536989718 -0.01319721509937249 0.9998779880916957 0.004000561173706751 
000021 000031 0.9592434265214026 -0.28256939078908927 0.0025389527131628687 -5.5753999134982175 0.28250413807181435 0.9591540092305487 0.014668835139993529 -0.3769470541733063 -0.006580215146706524 -0.013353729046379463 0.9998892443161109 -0.01142035732724247 
000022 000032 0.9684256527313007 -0.24928619719227413 0.002818425974258186 -5.809354366716276 0.2492300496997863 0.9683558911967286 0.013088480710356313 -0.3468522019776166 -0.005992014485637231 -0.01197279554762953 0.9999102476068134 -0.017598246937779803 
000023 000033 0.9758919152590253 -0.21825204781335944 0.00090592680467547 -6.076583162733355 0.21821918961007622 0.9758022924837942 0.01379424318121788 -0.31718998495511225 -0.003894627549405394 -0.013264002845708433 0.99990443040047 -0.03451041888719157 
000024 000034 0.9821005359899865 -0.18834152382999067 -0.002433203319653923 -6.315301683485142 0.18835719143771257 0.9820279943288222 0.011933777445002049 -0.3040267905197407 0.00014186103746041158 -0.012178490562026488 0.9999257515748224 -0.05417717524602201 
000025 000035 0.9867660541320461 -0.16203257145160482 -0.006188815023725241 -6.545584741382583 0.16208338651621365 0.9867369643184339 0.008890027995787694 -0.3016766271486258 0.00466625001357461 -0.009775487515843858 0.999941399963409 -0.06770923132471185 
000026 000036 0.9898545659089104 -0.14171735352323037 -0.010204974641080045 -6.787605440186637 0.1417697828473992 0.9898887954669231 0.004615685317197676 -0.30310706057118575 0.009447669656057653 -0.006015615008047368 0.9999372903558761 -0.07836967019920656 
000027 000037 0.9920429453604626 -0.12487972415092351 -0.01599254330993548 -6.993405396062251 0.12492417705495133 0.992164588795449 0.0018020584774043039 -0.32294451375597677 0.015642197340355823 -0.003785570548610264 0.9998704958800195 -0.10360352084228003 
000028 000038 0.9931663668801544 -0.11483669103974299 -0.020811162138011242 -7.195242572808718 0.11482091008253399 0.9933842235582075 -0.0019501649668207238 -0.33838144132804354 0.020897433074769562 -0.0004527226288652219 0.9997815414486481 -0.12468950148549236 
000029 000039 0.9933450070297936 -0.11251683755856079 -0.02460703259749204 -7.391055576477224 0.1124679277775992 0.993649772894973 -0.0033686239531070337 -0.3653128128243734 0.02482980529846313 0.0005787083973180012 0.9996915481857074 -0.16185836965967548 
000030 000040 0.9933294215149432 -0.11238241094623941 -0.02581435562123637 -7.5488314483333445 0.11228367161919607 0.9936622536661597 -0.005248410660088726 -0.4003550711380704 0.026240551836806056 0.002314874434957211 0.9996529390299059 -0.17103640616892107 
000031 000041 0.9929083236617453 -0.11634471922025574 -0.02443215047755162 -7.692333628462626 0.11627444210483838 0.9932079019037656 -0.004282028458207165 -0.42673165425371584 0.02476440537458182 0.0014108389296868694 0.9996922093473339 -0.17046423719874462 
000032 000042 0.9926096008662282 -0.11943252013453229 -0.021496151028177323 -7.81374739941796 0.11937641795354592 0.9928416429630204 -0.0038788773379919692 -0.46321001131647316 0.02180554081593477 0.0012840734680913733 0.9997614962355771 -0.15817922490864963 
000033 000043 0.9919668989123864 -0.12512382398612967 -0.018597991250057528 -7.898744619416721 0.12507461875450795 0.9921400889830695 -0.0037901077298586883 -0.5015978368818447 0.018926060607513586 0.001433528443928119 0.9998198155471731 -0.1423857821958047 
000034 000044 0.9905649543585414 -0.13621454021621635 -0.01506332872352078 -7.991414088169806 0.13616139311808578 0.9906764133387899 -0.0045002291841068015 -0.5682209427918163 0.015535883804573282 0.0024067275769459207 0.9998763681556965 -0.1265870598724413 
000035 000045 0.9885146738098269 -0.15060393966334676 -0.01253475738941445 -8.040200637252624 0.1505167794461594 0.9885779070369592 -0.007638973952875797 -0.6640710216723386 0.013542048127136838 0.005664549206866468 0.9998922863834339 -0.11496300267466969 
000036 000046 0.9855203547193148 -0.16921273274152795 -0.010815077230963272 -8.07934579702524 0.16910713229782046 0.985546647967892 -0.010035436382142675 -0.7834387133110748 0.01235690509084593 0.008061231451166656 0.9998912111226692 -0.11284842423342197 
000037 000047 0.9812860083932957 -0.19240429591715538 -0.0076440663918538815 -8.13505904121321 0.19232374693424292 0.9812789299721086 -0.010163401128052195 -0.8975907975060026 0.009456448026709372 0.008503057049763342 0.9999192178430719 -0.10492177049314311 
000038 000048 0.9768571064848246 -0.21386133721445738 -0.0036758463392034917 -8.150196944341678 0.21382903873679854 0.9768410821283819 -0.007666399970868257 -1.007568004468106 0.005230254662669643 0.006702969720576574 0.9999638635444017 -0.11031681905700821 
000039 000049 0.9719827286887097 -0.23504800070117293 0.0014876678219456656 -8.181812707112774 0.23505267933914648 0.9719602034467983 -0.006611965116901397 -1.1007191982750295 0.00010815942366737238 0.0067763908011652186 0.9999770175908621 -0.09630213651401114 
000040 000050 0.9671647561396238 -0.25408063024220995 0.0059505611824315135 -8.193389989331443 0.2541157380783636 0.9671541453144161 -0.006159254761456437 -1.160037877670733 -0.0041901574076508704 0.007469149317104839 0.9999633505045827 -0.08127930903315626 
000041 000051 0.9624306307264797 -0.2713591593747092 0.009573304105769348 -8.207090037787177 0.27142340398978554 0.9624401860696508 -0.0061829417779710304 -1.2123210252571626 -0.0075359349024036815 0.008549057390682869 0.9999350820704099 -0.05919722163158794 
000042 000052 0.9570980911570498 -0.28949260376446706 0.012537531733934718 -8.247924470531194 0.28953321578537217 0.9571666224702976 -0.001511310710362557 -1.2390100121176386 -0.011562988925494636 0.005076500420460149 0.9999201571298703 -0.034481923885973736 
000043 000053 0.9526744681704216 -0.30356919609393385 0.016038791474533017 -8.264885758937037 0.3035366069873545 0.952809240211298 0.0044852269567419644 -1.241840536165765 -0.016643494586717468 0.0005953879745305641 0.9998613407715312 -0.00156469258415943 
000044 000054 0.9494061696953571 -0.31345440778804085 0.01934388266099983 -8.289229708404688 0.31325687507304323 0.9495850683903189 0.012589221281107905 -1.2277404109526882 -0.02231481985856383 -0.005892672807893131 0.9997336256633516 0.03610195838615572 
000045 000055 0.9480963661109773 -0.3172798652406359 0.021135762911268372 -8.309517051913733 0.3168183521735854 0.9482184313768004 0.02253558486429616 -1.188364198904746 -0.02719141530371393 -0.01466970562694843 0.9995225117356389 0.053397072790641924 
000046 000056 0.9485858010223622 -0.31564701505939435 0.02349230744722622 -8.327666461477193 0.31475026753803176 0.9485179879468746 0.03529954139820739 -1.147233433198728 -0.03342508334766042 -0.026090445840808735 0.9991005884243507 0.0722420994301127 
000047 000057 0.950020182881834 -0.3107139170495377 0.030306539150304682 -8.34132059823839 0.3092729986204547 0.9499391737964559 0.04433650973595811 -1.0907241156176881 -0.042565358386969766 -0.032747585116726416 0.9985568095458389 0.102969894944978 
000048 000058 0.9517774618402376 -0.3036719094670426 0.04362180795308221 -8.336803421284275 0.30156129007477905 0.9521905723072329 0.04892611225929744 -1.049172301740048 -0.05639377620957155 -0.033412130048597 0.9978492771927012 0.1906550635638485 
000049 000059 0.953357904309558 -0.29586779740432895 0.05975714527375865 -8.308627689298541 0.29322441170640984 0.9547769917113094 0.04919745010955758 -1.0155760375196246 -0.07161068754643773 -0.029380526068888593 0.9969997555658264 0.29468131475746573 
000050 000060 0.9533695907492604 -0.2927731035855072 0.07328401969571975 -8.310832934483377 0.2898310481534219 0.9558618913107663 0.048229411454052226 -0.9835774964327905 -0.08416968563890971 -0.024740468760580486 0.9961442847353612 0.3802631929664984 
000051 000061 0.9549143276469104 -0.2862222340044276 0.07883772820207588 -8.297493912203613 0.28266819642988894 0.9577361161803002 0.053293044711659514 -0.9661043260841765 -0.09075939922137391 -0.028605367157052173 0.9954619632771956 0.3975564087509023 
000052 000062 0.9567463468730719 -0.2801064586267518 0.0785927567780269 -8.281512754941742 0.27654223816158885 0.9595232876281401 0.05328679824677185 -0.9350985852187537 -0.09033757596396395 -0.0292477440323563 0.9954817540589529 0.35261790448387587 
000053 000063 0.9594573116238321 -0.27219885099352337 0.07313754074686554 -8.280055556817528 0.2691210328060308 0.9618455874056318 0.04926410312980496 -0.9249241900814285 -0.08375667133326445 -0.02758396447792639 0.9961044436554732 0.2735925309534787 
000054 000064 0.9626553694112273 -0.2632562655787462 0.0631721716654783 -8.261559122133471 0.2606435670274532 0.9643051404960132 0.04669224322075177 -0.8918789823355098 -0.07320930774203982 -0.028483137774365737 0.9969097657153528 0.1540884937913194 
000055 000065 0.9652368073196965 -0.25557843683292625 0.05475069743972442 -8.263638646424763 0.25314277435302646 0.9662529773924137 0.04768464271797694 -0.836545406388882 -0.06509019680896967 -0.032167234843755776 0.9973607909703924 0.0507304433129616 
000056 000066 0.9688269136461467 -0.2422668276719466 0.0517805469406652 -8.234971736161546 0.24030193534449565 0.9698153450773082 0.04138893872441919 -0.7764172350801111 -0.06024474891398396 -0.027655749765139143 0.9978005036577418 -0.009813573922861907 
000057 000067 0.972756800064007 -0.22700809540315137 0.04702740753036952 -8.191504879996959 0.22549010306648556 0.9735995493258803 0.03546834342380503 -0.7006797026144013 -0.05383746549569965 -0.023897861319099132 0.9982636212127929 -0.03637541961274987 
000058 000068 0.9762712632975117 -0.2134918890745363 0.03626984788601981 -8.182582526885327 0.2125031993176072 0.9767220583254099 0.02926581202398906 -0.6198859759454056 -0.04167358351439587 -0.02086393014727034 0.9989133964504421 -0.054594175066095 
000059 000069 0.9798617313608872 -0.1985019500892685 0.021635625849421566 -8.156581857937335 0.19812897846034724 0.9800067030443143 0.018217454514944983 -0.5740133253748877 -0.024819275718540097 -0.01356394433388696 0.9996000598207492 -0.0695797066182702 
000060 000070 0.9827164483355104 -0.1850756101559774 0.003906593395253077 -8.142603574839892 0.18499091354665534 0.9826073904889623 0.016158801085028835 -0.5334593908156536 -0.006829243799286212 -0.015156849598323512 0.9998619538153918 -0.09910284002544423 
000061 000071 0.9856496446693219 -0.16873356651352228 -0.004873394846278919 -8.12662433229248 0.16878460685906513 0.9855630834553112 0.013318882380250018 -0.47872607483376145 0.002555694826929646 -0.013950318129441194 0.9998993318940386 -0.10502941298505095 
000062 000072 0.9884356341090134 -0.15149996995851295 -0.006536389855615159 -8.100337106832647 0.15157287451919682 0.988364584672404 0.012697390950073297 -0.42105055628678834 0.004536674897716002 -0.013541302456831177 0.9998978475438133 -0.09027589458241841 
000063 000073 0.9912251783678936 -0.1321754092854955 -0.0015029300821236603 -8.102702277476098 0.13218389714720724 0.9911488867414033 0.012302589216361232 -0.3531668455808303 -0.00013646517413219556 -0.012393302782109594 0.9999232210453706 -0.054003762944846725 
000064 000074 0.9940539377929718 -0.10865304175764788 0.007162350597196593 -8.12159610278434 0.1085873947625755 0.9940465238273124 0.008973052549043613 -0.277286707733277 -0.008094663053381582 -0.00814196159313161 0.9999341147313305 -0.03327475581214258 
000065 000075 0.9963607792977492 -0.08431931475776232 0.012470451463172215 -8.149832137524642 0.08425028940793744 0.9964268708773861 0.0059555505079575705 -0.1820701850971043 -0.012928069182328816 -0.004883236005886675 0.9999045805156174 -0.030287640789724055 
000066 000076 0.9979806134620217 -0.062238346632274545 0.012694996182596412 -8.214983674454142 0.06221891785796391 0.9980606927527101 0.0019195432601051285 -0.08686200111323672 -0.012789861126622866 -0.0011257989089621782 0.9999174493885888 -0.04399876651383145 
000067 000077 0.9991259784883877 -0.04059826589650308 0.009939897247806752 -8.291918157024934 0.04063079700394686 0.9991694285073566 -0.0030994086431419014 0.002004700000647593 -0.009805810981274471 0.003500577405764802 0.9999459329864351 -0.036449925868567275 
000068 000078 0.9997590096748498 -0.020582762276514024 0.007645260351610308 -8.378922843115602 0.02062613845076429 0.9997715701346794 -0.005629670182087983 0.08360248558258727 -0.0075276430162069495 0.005785999959340924 0.9999549989441661 -0.03724964626944372 
000069 000079 0.9999896510706782 -0.001790167206861161 0.004177046987261567 -8.521837542020792 0.0017965190104242117 0.9999973264384316 -0.0014900767353225803 0.1526073701634492 -0.004174364445624283 0.0014975641430848552 0.999990181809261 -0.036325697573342496 
000070 000080 0.9998355433279019 0.017386470315753418 0.005146139427405409 -8.644436328266936 -0.01736988142723831 0.9998436641870314 -0.003267887670893578 0.18282952976044747 -0.0052021652962599635 0.0031779784187617754 0.9999812742359446 -0.03816987159558162 
000071 000081 0.9995633820121083 0.029288376797648445 0.003923948689036556 -8.816343551311778 -0.02924835769527613 0.9995231013622132 -0.009896385559746378 0.1717898157275375 -0.00421193237024099 0.009777308650129603 0.9999433192712796 -0.04471571222603301 
000072 000082 0.9992805213264905 0.037907773097404764 0.0011298569173636246 -8.981502146653758 -0.03788482555543871 0.9991545070509137 -0.015963891997653936 0.12026213304759098 -0.0017340445559170313 0.015909613144958874 0.999872025128936 -0.058381188322567536 
000073 000083 0.9991311991513309 0.041572051563288255 -0.0029889216310472035 -9.136915924889822 -0.041620439572835385 0.9989603536777711 -0.018604110363954245 0.07575353330796704 0.0022123887594902997 0.018712346332094384 0.999822396918752 -0.07128174219304559 
000074 000084 0.9991914678261363 0.03974138918163146 -0.00609054744606707 -9.298909140189531 -0.03984260753530229 0.9990523028965923 -0.017516057838703417 0.04272733466505582 0.005388662476952791 0.0177445721449276 0.9998279901506071 -0.07798499025932495 
000075 000085 0.9993297223519289 0.0360689490613066 -0.006263057126627464 -9.447558738059197 -0.036191670956168064 0.999130155333931 -0.020712596928538596 -0.005756206412579564 0.005510540898881669 0.020925389363635073 0.9997659358320391 -0.08534284005415477 
000076 000086 0.999550615352804 0.029313530567220285 -0.006276112706200229 -9.588361983188705 -0.029428062902257232 0.999386191473149 -0.019003841471648648 -0.027961388255727134 0.005715198952470369 0.019179998660733683 0.9997998768275835 -0.08435082976558589 
000077 000087 0.9997759399821662 0.020105798570578513 -0.006609004879248964 -9.73674139970759 -0.02021565458136624 0.9996513151558234 -0.016986628007506163 -0.03329266333541746 0.006265175202619062 0.017116428015204094 0.9998338627860606 -0.09118689277000454 
000078 000088 0.9999005430546869 0.01204365922707742 -0.007328295957340435 -9.872508491246789 -0.012171584959730523 0.999770037268969 -0.017660215702275165 -0.0500862222822958 0.0071139269378658904 0.017747667511665694 0.9998172327886596 -0.10028677411348719 
000079 000089 0.9999598819354821 0.00423790135580895 -0.007879907967275756 -9.983275538799516 -0.004359945664054581 0.9998698476068206 -0.015526428529162802 -0.04832068425227233 0.007813097062564462 0.015560171858893043 0.9998484123820197 -0.10944886024103063 
000080 000090 0.999970084835901 -0.00029928225399908793 -0.007729546251278151 -10.080838597711864 0.00019909325086833393 0.9999160041407114 -0.012965086511788015 -0.038675820547741706 0.007732788736470134 0.012963153314051314 0.9998861392541425 -0.113382602780201 
000081 000091 0.9999642553786043 -0.0005733340860179708 -0.008441645774528463 -10.143391196821204 0.0005030203802006847 0.9999652233526944 -0.008337769223821645 -0.027466598021343047 0.008446131667421542 0.00833321861447727 0.9999296167949184 -0.1282951388973939 
000082 000092 0.9999454136059515 0.0013352967130796504 -0.010369302850232295 -10.195400416475668 -0.0013826821187437467 0.9999885057145124 -0.004561087513643015 0.007482844701138344 0.010363089460399056 0.004575175912712818 0.9999358293362668 -0.1535678123600428 
000083 000093 0.9999205381584955 0.00585967974506328 -0.01115214339159056 -10.24565326412769 -0.005888047615106549 0.9999795597358945 -0.002502520970516121 0.0301747725713608 0.011137262729788846 0.002567984997129938 0.9999346598028597 -0.1783901264090187 
000084 000094 0.9998932971320497 0.009523974416556768 -0.01108999407670687 -10.273490095985853 -0.009556720771896633 0.999950169800571 -0.002900264388852864 0.04384842111912973 0.011061822702298794 0.0030059356650426173 0.9999343672020943 -0.18555295096951646 
000085 000095 0.9998801957813226 0.01134838360463748 -0.010531699048152814 -10.27669194318006 -0.011366399131177575 0.9999340705319335 -0.0016661975791686604 0.06240500610792012 0.010512094109409134 0.001785701097047438 0.9999431054367054 -0.17876909330866414 
000086 000096 0.9998754804795967 0.01312531628142418 -0.008766490913322161 -10.277511113488444 -0.013139217140882363 0.9999124900488209 -0.0015359739396222974 0.05801164248117732 0.008745554526255413 0.001650966725923724 0.9999602971281789 -0.17156367038286624 
000087 000097 0.9999026360193854 0.012257571036483976 -0.0066746708736944195 -10.246850986571655 -0.012272697538707326 0.9999221441944651 -0.0022480337951856946 0.03765154794626213 0.006646595131620412 0.0023297277115275133 0.999975151653325 -0.14695629251066838 
000088 000098 0.9999535746360636 0.00910296771818811 -0.0031699005273910074 -10.224314046898895 -0.009110417556388282 0.999955776694958 -0.0023254924315500164 0.00238708848480388 0.003148586654495027 0.0023542678053240732 0.9999922343831539 -0.12211180313892606 
000089 000099 0.9999904338205662 0.00428746706435368 -0.0009259484906515877 -10.193519165352383 -0.004290476136753572 0.9999856075004344 -0.003211386209757146 -0.06036334806492961 0.0009121523280901409 0.00321532635143977 0.9999942811515107 -0.10494568444202151 
000090 000100 0.999991274713448 -0.003389289750851581 -0.0024275359025841634 -10.185118528162851 0.0033823996042221085 0.9999902632948595 -0.00281313971799806 -0.11580229456820473 0.0024370606909151823 0.0028049181486341167 0.9999930421815317 -0.1221103943102679 
000091 000101 0.999923134058411 -0.011020230782987013 -0.0056900539656314555 -10.141123704675879 0.011028504967161672 0.9999381269296083 0.0014358772820043386 -0.16366315985640167 0.005673879588957164 -0.0014985203598887335 0.9999828194753546 -0.16096974270298633 
000092 000102 0.9998090900067387 -0.019238310804191843 -0.0034038088259934884 -10.1291213780477 0.019229276887345357 0.9998117599050166 -0.002646695668311808 -0.2139406659399767 0.0034540750226979516 0.002580740342050298 0.999990642252946 -0.17116184365776854 
000093 000103 0.9996114013314759 -0.027874720358683946 0.0006351707831474462 -10.081875983354879 0.027876257421176047 0.9996084012533649 -0.0024448311443018033 -0.24844203844033705 -0.0005667805790763632 0.0024615835457628315 0.9999969220371225 -0.14974536420001933 
000094 000104 0.99932090689683 -0.03665519653188304 0.003745348413826435 -10.036800489432169 0.03666377269606709 0.999325203639186 -0.0022249282508110717 -0.2705451789435405 -0.0036612656062378814 0.0023607315654674836 0.999990540506223 -0.12021495714184828 
000095 000105 0.9989820555418006 -0.04483926082088411 0.0049330402706068656 -10.00581613871732 0.04486200968563152 0.9989824836313915 -0.00460333905435948 -0.28380907796017485 -0.004721614894771377 0.004819961634917442 0.9999772201870419 -0.11705234435419265 
000096 000106 0.9987153486250641 -0.050342880691512146 0.005755482656314898 -9.959292082325094 0.050377174344846856 0.9987122955749468 -0.00599013832408901 -0.28330211046574383 -0.005446498131810019 0.006272388035094137 0.999965457858777 -0.11189003895364122 
000097 000107 0.9985783453324494 -0.05320598056191659 0.0032444443687123584 -9.910854408815915 0.05322391167237956 0.9985662317169812 -0.005730665208350986 -0.2688437642166447 -0.002934884286044032 0.005895211293624113 0.9999783114647955 -0.13497609662835697 
000098 000108 0.9985103533283802 -0.053814346039676136 -0.009005449582245072 -9.898404029961583 0.053795144002258474 0.9985492765215734 -0.0023659270552969774 -0.2335536356177312 0.009119707408359792 0.0018779594093190886 0.9999565766577724 -0.20320254895550144 
000099 000109 0.9984989252058194 -0.05062604272980197 -0.020903672463156636 -9.862064114572433 0.05063499832888536 0.9987173308102564 -0.00010353329749480136 -0.2091306557916374 0.020882108109156874 -0.0009550825883015243 0.9997815719387709 -0.2928231662770919 
000100 000110 0.9986455327803141 -0.04628749925567872 -0.023758272619014788 -9.821800859984437 0.046316881790021816 0.9989267521108866 0.0006797124736008932 -0.17933199417104134 0.023701304258537025 -0.0017792037901779767 0.9997174975957571 -0.3237016539967145 
000101 000111 0.9990780786269171 -0.04132460939435049 -0.011618982632288237 -9.77311777673004 0.04130043383046526 0.9991441091682689 -0.002301737241253175 -0.16552150029507082 0.011704163582464205 0.001819752591060829 0.999929894474463 -0.2354297325312008 
000102 000112 0.9993342401456476 -0.03616145124803072 -0.004839193798608253 -9.734216464644783 0.03616885940981203 0.9993447682687108 0.0014226404824842528 -0.14272605300916189 0.004784578437400614 -0.001596726554354527 0.9999873232773219 -0.16588001157954488 
000103 000113 0.9994876134862244 -0.031599531286738904 -0.005086767311282496 -9.71840467000908 0.03163244364388726 0.99947830689075 0.006518920361453054 -0.10789975465446708 0.004878121284262098 -0.006676485134516288 0.9999657087528111 -0.13548796875828142 
000104 000114 0.9996365736224851 -0.025484024924948404 -0.00880583312087067 -9.672862629877887 0.025562604595067037 0.9996332483021414 0.008936570957687988 -0.07372749289496083 0.008574863387394256 -0.009158421715895579 0.999921257165166 -0.15595123616456041 
000105 000115 0.9997310198108896 -0.01884139242586708 -0.01352542432510218 -9.642114899396663 0.018985638774773158 0.9997633993079612 0.01061689262709098 -0.04928356483069548 0.013322188061558365 -0.010870827703632598 0.9998521164313355 -0.1695343496878993 
000106 000116 0.9997060549903712 -0.014321299248830128 -0.01955796238699284 -9.6186880563068 0.014509970563099203 0.9998491559344448 0.009538459493357037 -0.00999382867937291 0.019418414869461335 -0.009819444744494284 0.9997632588195463 -0.1940555713121539 
000107 000117 0.9996403619291204 -0.00903646223296085 -0.025247186646841394 -9.585222854668237 0.009247529958426873 0.9999233283832488 0.00825113456727712 0.0025887365917529126 0.025170690116130334 -0.008481655133108109 0.9996471756278611 -0.21958848157710414 
000108 000118 0.9998202554117283 -0.0052817473287582965 -0.018212694845464707 -9.552428433432167 0.00523766108995614 0.9999831166759049 -0.0024727538357404576 0.0036026505697744895 0.018225449518180427 0.0023769102846622576 0.999831209936251 -0.24428342358503163 
000109 000119 0.9999636602697048 -0.0009513711176738836 -0.008455440344059612 -9.518634245004638 0.0008588396927250093 0.9999398039665949 -0.010935715852472905 0.0006857277393701759 0.008465328405659391 0.010928063452395314 0.9999043907817953 -0.2234483097831197 
000110 000120 0.9999751824482459 0.00344544889888177 -0.006155561263347542 -9.494305796460116 -0.0034948176440404814 0.9999616557366483 -0.008014713813623458 0.0205878915017745 0.0061277109293316825 0.008036025031570046 0.9999490291766969 -0.2149444425935365 
000111 000121 0.9998926226477871 0.007827003626038753 -0.01239008698984686 -9.485203437368883 -0.0078594770150515 0.9999658113652207 -0.00258463843217692 0.06723392522518412 0.012369434189240143 0.0026817435557969695 0.9999197836355403 -0.22255910197045164 
000112 000122 0.9997623557655705 0.015634432168856387 -0.015196407401278613 -9.472505672743438 -0.01568080700654498 0.999872580755511 -0.0029365260856057604 0.10367535205445107 0.015148570770925079 0.0031741268909555027 0.9998802566391112 -0.18121309261466917 
000113 000123 0.9995073432223021 0.02575268328828563 -0.017933537435879207 -9.45216449421898 -0.025803080694024844 0.9996636646455916 -0.002584555927006833 0.15723904342193568 0.017860952122533275 0.0030460285205427865 0.9998357836302068 -0.17118368104993273 
000114 000124 0.9992305444980288 0.034773714685625914 -0.018133196181335 -9.428781475630378 -0.034743009055114106 0.999394281304602 0.0020073073501726013 0.21689739244753012 0.018192019783596525 -0.0013757537234833793 0.9998335244937069 -0.17495965623403123 
000115 000125 0.9988459146410725 0.045771238738751496 -0.014558499761287334 -9.407136047160462 -0.045756317242524755 0.9989516019488529 0.0013514168363590983 0.27529305756438816 0.014605096841134814 -0.0006837164804221451 0.9998931510321294 -0.14609367756022282 
000116 000126 0.9982890371094941 0.057531315371126275 -0.01046003897530065 -9.384085269285906 -0.0575457719423655 0.9983423256433308 -0.0010788522167136285 0.33175225689898313 0.010380635144934137 0.001678939968179077 0.9999448414644122 -0.15102841897486538 
000117 000127 0.997526226138802 0.06985324374548546 -0.00789350266660782 -9.371238052194096 -0.06982755564732086 0.9975528402555545 0.0034962976613915624 0.3971318330544782 0.008118406476330843 -0.002936457698261294 0.9999627753319646 -0.17115451884565883 
000118 000128 0.9965968937605965 0.08218080373735041 -0.00639925871200053 -9.349779036189638 -0.08210539296941789 0.9965600655862678 0.011267009516108149 0.4477840412558033 0.007303175640136589 -0.010703256665216083 0.9999160124771188 -0.17136635544637235 
000119 000129 0.9956506928833033 0.09299871935518748 -0.005560190161192506 -9.317150451667933 -0.09286899799315908 0.9954723166120777 0.020249070608773928 0.5048651714948433 0.00741815882239472 -0.01964464365801753 0.9997794407414179 -0.17659393716369212 
000120 000130 0.9944998876879673 0.1046864350394866 -0.0032646508294763526 -9.301658674674115 -0.10459405928969936 0.9942864829281864 0.02132134654191555 0.5329531723204016 0.00547805403436063 -0.020862618978461558 0.999767218639524 -0.1685707237553948 
000121 000131 0.9933456672112552 0.11517049014562476 -0.0002058396208924676 -9.281522771793822 -0.11515107717264983 0.9932077879228188 0.01668459295981305 0.542051660665077 0.0021260168792141773 -0.01654986841312436 0.9998608964000406 -0.12000671773560824 
000122 000132 0.9926563042656392 0.12085496717482141 0.005248714257275785 -9.2440402848455 -0.12092232963647288 0.9925427738099141 0.015384874990925772 0.5558478888004573 -0.0033502378271639314 -0.01590659130806454 0.9998677557153641 -0.04474485388144256 
000123 000133 0.9919740435154257 0.12599393381598667 0.0106251035431216 -9.229348755094314 -0.12610303970489903 0.9919636325521511 0.010301493588221048 0.5538767490066248 -0.009241798489520755 -0.011558680228097069 0.9998905518414092 0.002060950322425502 
000124 000134 0.9915469514273215 0.12945003909615746 0.008807363510231364 -9.210891477445536 -0.1294664831639483 0.9915829602945435 0.0013160555626624594 0.5404842313039994 -0.008562874329030364 -0.0024452004422230726 0.9999602206880923 -0.011893907065512164 
000125 000135 0.9913973135916357 0.13078208281848705 0.005239135078451216 -9.186962724497729 -0.1308126557521131 0.9913891564876383 0.005987091201931719 0.5369284723278805 -0.004411019225124876 -0.006620922472163477 0.9999683752064443 -0.05793674361945446 
000126 000136 0.9915646649812881 0.12934489239510544 0.008329198372543683 -9.16923736356009 -0.1293957199743295 0.9915754743296759 0.0058947803134108126 0.510952403560155 -0.007496576866249488 -0.006922821408394085 0.999947898656869 -0.05012224708176274 
000127 000137 0.9922341996481738 0.12312622804314605 0.01763459647457661 -9.139692487305428 -0.12311388270178872 0.9923909728645026 -0.0017921190682114562 0.4691231414246521 -0.017721066493868187 -0.00039286410550743925 0.9998429205671933 -0.0055995561683268 
000128 000138 0.9928781280803414 0.11614041467395385 0.026538066978063463 -9.109397010511762 -0.11592199955016123 0.9932116183990057 -0.009625148321501712 0.398757848610936 -0.027475782176793823 0.006480257247594865 0.9996014823014497 0.0552591823708794 
000129 000139 0.9937808482300637 0.1071051777528101 0.030465313223267516 -9.096656906548729 -0.10673823737143456 0.9941965692244018 -0.013433291806061157 0.3277587471519088 -0.03172729157394667 0.01009794519500905 0.9994455381807889 0.05643655426878744 
000130 000140 0.9948435177354215 0.09678092425822858 0.030326406963544418 -9.083832475309324 -0.09632392775047492 0.9952184188469276 -0.01618664624412212 0.279756120327096 -0.031747959785519836 0.013182026447713551 0.9994089491142956 0.04623245482797181 
000131 000141 0.995698380733682 0.08904387154151129 0.025612916686850857 -9.074142705198721 -0.08860603837038677 0.9959084815978563 -0.01775559451009079 0.23341401828913017 -0.027089158611465925 0.015409757389603042 0.9995141654448317 0.02067916908444317 
000132 000142 0.9965013387196963 0.08244830002413786 0.013684939381022235 -9.063718237477692 -0.08216595730540105 0.996416828217869 -0.02005775291467964 0.205799422645985 -0.0152896349749715 0.018863149437438487 0.9997051597860425 -0.032387911347575266 
000133 000143 0.9972194988378611 0.07438199819090772 0.004567649481989758 -9.052562387413884 -0.07428509076029176 0.9970632633748923 -0.01861682754203616 0.1908069160123381 -0.005938992626927655 0.0182257543264779 0.999816270687902 -0.08755906070267054 
000134 000144 0.9977031647455155 0.06762386659500669 0.003917944173399147 -9.04471819439678 -0.06753226199877736 0.9975151760591383 -0.020071113605410928 0.17669858858338502 -0.005265488867472193 0.01976043597839243 0.9997910285040164 -0.12408670288330992 
000135 000145 0.9981117365047557 0.060834035903401085 0.008503350745086492 -9.027326637574907 -0.06058960107144979 0.9978100375339592 -0.026531489405269396 0.17035187494970594 -0.010098749051965578 0.025966168272046796 0.9996118429154671 -0.12451361156302632 
000136 000146 0.9983080198771901 0.05735606555444085 0.009548211887949286 -9.016844991026334 -0.05697507467021629 0.997716085654829 -0.03628145932128977 0.1578827299984982 -0.011607369993229947 0.03567606711575876 0.9992959909311536 -0.1058068304755246 
000137 000147 0.998355440222212 0.05696555635395116 0.006445406676882989 -9.014432551572105 -0.056770121316040145 0.9980151101917069 -0.027254579554369624 0.1731994564701657 -0.00798518122851709 0.026843858484624797 0.9996076966060209 -0.08238762266306056 
000138 000148 0.998302828141714 0.0582141777509758 0.0016446925687261151 -9.003258209689621 -0.058171993306147744 0.9981214202773913 -0.01923079297596537 0.2031879159620201 -0.0027611171012401803 0.019102498563760888 0.9998135699384201 -0.07706148586305829 
000139 000149 0.9981010265453512 0.061511112824803954 -0.0032671598417129293 -8.988949792753548 -0.06155870934442055 0.9979532993884561 -0.01730997063793124 0.21360144302925996 0.0021957290337319283 0.01747821596087688 0.9998449063569225 -0.08050383692796316 
000140 000150 0.9978669507733882 0.06481460052074832 -0.007795805111816712 -8.983227910455488 -0.06492221518841113 0.9977855477622706 -0.014460770323628445 0.22099027454969708 0.00684126920726029 0.014936046237912651 0.999864989954509 -0.1200491861839241 
000141 000151 0.9977156600460473 0.06681342729506382 -0.009972657182858032 -8.9739475756663 -0.06689796710433066 0.9977244318547706 -0.008399223892342962 0.23762961276442704 0.00938878135387746 0.009047191048471551 0.9999149772308432 -0.13133539530390342 
000142 000152 0.997700349323466 0.06765581104864908 -0.004094973934533552 -8.964857103085262 -0.06771075944476668 0.9975892993663845 -0.01520185324429379 0.22857831473460954 0.0030566058655564694 0.015444166980346655 0.9998761332196648 -0.11894623582055099 
000143 000153 0.9976603818835527 0.06830835910371048 0.0027616920725979485 -8.941262915891574 -0.06825757919897482 0.9975467900225122 -0.015528365013413025 0.22567283280374095 -0.0038156367254894696 0.015303532554932426 0.9998756015321305 -0.08769869953222482 
000144 000154 0.9975646366231419 0.06941430531379839 0.0068180001417196085 -8.922220210376304 -0.06930624580121106 0.9974827615502799 -0.014991298744603917 0.22382007831140358 -0.007841451132930595 0.01448226150612785 0.9998642643172877 -0.061736756200058494 
000145 000155 0.9975175698818447 0.07021038386537791 0.005398835388623592 -8.917201966599212 -0.07016413495036934 0.9975008476383873 -0.008317265509984198 0.23168031499160022 -0.005969298987316646 0.007917822438412497 0.9999508140710235 -0.07342670194524267 
000146 000156 0.9974517616302876 0.07130851386217842 0.002302440734965946 -8.910681688584637 -0.07131892552678513 0.997441953754136 0.004822681515861608 0.25968394181965243 -0.0019526608745684296 -0.0049746013859455415 0.9999857417058561 -0.09201404258938914 
000147 000157 0.9974056244286754 0.07197869213804038 -0.0009783073318354466 -8.912673205336096 -0.07197023986208162 0.9973833609926572 0.006843638016786084 0.27197858329292834 0.0014683428402630953 -0.006755479815217708 0.9999760777418375 -0.09705662105638324 
000148 000158 0.9974005605482013 0.07192001196345542 -0.004386911496458885 -8.909047400002791 -0.07190023956752868 0.9974016802116662 0.004509358651003495 0.2639076887433104 0.00469984345960941 -0.004182229074963717 0.999980300149415 -0.0927280124919295 
000149 000159 0.9974005035001213 0.07201016538546112 -0.002579575390895592 -8.903648204745915 -0.07201018550150631 0.9974038373511942 7.061972199460888e-05 0.25022062639258924 0.0025779618633461794 0.00011531923672457148 0.9999965879082807 -0.08505894082772227 
000150 000160 0.9975037939985901 0.07059741619141194 0.0014639404112210222 -8.899058811638819 -0.0705912983804285 0.9974976109988654 -0.003941370760670906 0.24320771656808374 -0.0017385261616026447 0.003828197420236458 0.9999913499813565 -0.08925273832175369 
000151 000161 0.9976826771378868 0.06793741293112614 0.0037060403384378475 -8.912740639402637 -0.06793301705746074 0.9976891225077933 -0.0012967920254347133 0.23329225250671584 -0.0037855768629129214 0.0010420351451356704 0.9999923148319388 -0.10157678669765044 
000152 000162 0.9978236499824625 0.06593738918208839 0.00034874399954664163 -8.901269184548411 -0.0659380515192454 0.9978176234857675 0.003468798520667937 0.2219869223495207 -0.0001192550253074503 -0.003484244702296445 0.9999938456621005 -0.10593522303301023 
000153 000163 0.9979368930418542 0.06417776004696324 -0.0017582716972537036 -8.913563033270947 -0.06417294858291256 0.997935324116917 0.0026550665333081513 0.21194342905675975 0.0019250499059251342 -0.0025367513618245936 0.9999949594407813 -0.09359331514028835 
